14
1                 9             0                       8
1                 15             0                       3
1                 16             1                       1
1                 20             1                       1
1                 29             1                       1
1                 38             2                       6
1                 42             1                       1
1                 44             0                       5
1                 47             0                       8
1                 54             2                       1
2                 9             4                       1
2                 22             3                       5
2                 30             0                       7
2                 52             1                       7
2                 63             0                       6
2                 71             3                       5
2                 80             3                       8
2                 85             2                       1
2                 97             1                       4
2                 98             2                       10
3                 4             4                       3
3                 5             1                       6
3                 10             4                       5
3                 32             2                       1
3                 34             3                       6
3                 40             0                       7
3                 44             4                       6
3                 45             0                       5
3                 50             3                       8
3                 72             4                       1
4                 15             3                       1
4                 28             3                       1
4                 34             3                       7
4                 67             3                       1
4                 76             1                       7
4                 80             4                       6
4                 86             4                       5
4                 91             1                       10
4                 92             4                       1
4                 95             3                       4
5                 1             2                       7
5                 15             3                       6
5                 27             2                       1
5                 31             1                       1
5                 37             0                       6
5                 75             1                       7
5                 78             2                       4
5                 84             4                       4
5                 93             0                       8
5                 95             2                       5
6                 5             0                       7
6                 23             1                       7
6                 47             4                       1
6                 51             3                       8
6                 57             4                       5
6                 69             0                       8
6                 78             4                       1
6                 85             4                       2
6                 90             1                       4
6                 94             2                       1
7                 27             0                       9
7                 37             4                       3
7                 51             0                       9
7                 60             0                       8
7                 73             1                       3
7                 89             4                       7
7                 92             2                       4
7                 94             4                       6
7                 95             4                       1
7                 98             3                       2
8                 32             0                       4
8                 48             2                       1
8                 52             0                       5
8                 60             3                       1
8                 61             2                       5
8                 72             1                       7
8                 73             3                       4
8                 85             2                       4
8                 87             3                       1
8                 98             3                       6
9                 2             3                       1
9                 8             2                       7
9                 12             4                       2
9                 35             2                       8
9                 39             2                       8
9                 79             0                       7
9                 80             0                       4
9                 83             0                       3
9                 85             3                       5
9                 88             3                       1
10                 4             1                       6
10                 27             0                       8
10                 30             3                       1
10                 31             3                       2
10                 41             3                       2
10                 71             4                       6
10                 88             0                       9
10                 89             2                       8
10                 92             3                       2
10                 97             3                       5
11                 8             2                       8
11                 18             2                       4
11                 25             1                       1
11                 29             0                       10
11                 38             2                       7
11                 53             4                       1
11                 67             0                       8
11                 77             2                       1
11                 78             1                       6
11                 79             4                       4
12                 2             0                       3
12                 8             3                       9
12                 16             2                       4
12                 35             2                       1
12                 50             0                       4
12                 76             3                       1
12                 77             3                       9
12                 81             1                       5
12                 82             0                       9
12                 88             2                       5
13                 2             3                       4
13                 20             1                       6
13                 55             1                       1
13                 64             3                       3
13                 77             4                       5
13                 84             4                       5
13                 85             0                       6
13                 87             2                       2
13                 91             1                       1
13                 94             0                       7
14                 12             1                       1
14                 22             0                       7
14                 25             0                       5
14                 40             0                       5
14                 41             2                       8
14                 42             2                       2
14                 43             3                       1
14                 45             3                       9
14                 63             0                       7
14                 65             1                       4
15                 23             4                       3
15                 24             4                       4
15                 34             4                       3
15                 36             4                       1
15                 39             0                       4
15                 47             1                       7
15                 51             4                       1
15                 61             4                       2
15                 72             4                       2
15                 87             2                       3
16                 3             4                       3
16                 4             1                       9
16                 7             4                       1
16                 8             1                       10
16                 15             1                       2
16                 37             3                       1
16                 41             2                       3
16                 55             0                       4
16                 58             2                       6
16                 64             3                       1
17                 5             3                       1
17                 12             3                       8
17                 14             2                       5
17                 53             1                       9
17                 83             1                       8
17                 93             2                       1
17                 94             1                       8
17                 97             2                       1
17                 99             2                       1
17                 100             3                       1
18                 39             4                       1
18                 67             0                       6
18                 68             0                       5
18                 69             0                       4
18                 80             4                       1
18                 82             3                       10
18                 83             4                       5
18                 86             4                       2
18                 87             3                       4
18                 90             1                       5
19                 4             0                       7
19                 18             4                       5
19                 31             0                       3
19                 36             1                       2
19                 52             3                       6
19                 56             1                       1
19                 61             2                       6
19                 63             0                       8
19                 77             3                       10
19                 90             4                       6
20                 13             1                       3
20                 24             0                       8
20                 25             2                       6
20                 36             2                       4
20                 40             4                       1
20                 47             1                       2
20                 59             1                       1
20                 62             2                       3
20                 69             1                       1
20                 74             1                       9
21                 4             0                       1
21                 12             2                       5
21                 21             1                       5
21                 35             4                       2
21                 42             0                       5
21                 55             0                       5
21                 58             3                       3
21                 68             0                       7
21                 76             1                       4
21                 79             3                       5
22                 22             1                       1
22                 26             3                       10
22                 34             3                       8
22                 41             1                       6
22                 42             4                       6
22                 48             4                       4
22                 49             0                       7
22                 51             0                       2
22                 56             0                       4
22                 74             3                       2
23                 3             0                       6
23                 19             4                       1
23                 26             1                       5
23                 27             0                       6
23                 28             1                       6
23                 43             4                       7
23                 45             3                       3
23                 48             1                       5
23                 79             0                       1
23                 81             3                       2
24                 11             1                       5
24                 14             1                       7
24                 18             0                       8
24                 26             4                       6
24                 29             2                       7
24                 32             0                       10
24                 37             1                       8
24                 39             0                       9
24                 46             2                       8
24                 55             1                       2
25                 5             2                       2
25                 17             1                       1
25                 20             0                       4
25                 25             3                       7
25                 48             2                       6
25                 49             2                       3
25                 55             0                       6
25                 60             2                       4
25                 64             3                       2
25                 77             3                       6
26                 20             2                       5
26                 28             2                       9
26                 48             0                       2
26                 70             4                       4
26                 82             4                       7
26                 83             4                       9
26                 89             2                       1
26                 90             4                       8
26                 98             0                       1
26                 99             0                       8
27                 21             4                       1
27                 29             0                       6
27                 35             2                       9
27                 91             3                       4
27                 93             4                       2
27                 95             0                       7
27                 96             0                       8
27                 97             3                       2
27                 99             1                       2
27                 100             0                       5
28                 7             2                       6
28                 19             0                       7
28                 22             4                       9
28                 62             1                       1
28                 71             2                       7
28                 78             0                       7
28                 84             3                       7
28                 87             2                       5
28                 90             4                       9
28                 92             0                       10
29                 8             3                       2
29                 28             4                       5
29                 40             1                       2
29                 52             2                       1
29                 60             0                       9
29                 67             1                       2
29                 68             0                       6
29                 71             2                       8
29                 74             4                       1
29                 87             1                       6
30                 24             0                       5
30                 31             4                       4
30                 38             2                       8
30                 43             1                       2
30                 49             1                       8
30                 68             1                       1
30                 73             1                       7
30                 74             3                       7
30                 79             1                       8
30                 82             0                       1
31                 23             1                       5
31                 30             2                       8
31                 34             4                       4
31                 36             3                       7
31                 42             0                       4
31                 49             1                       9
31                 53             3                       3
31                 83             3                       7
31                 86             1                       3
31                 95             3                       8
32                 3             1                       4
32                 20             4                       8
32                 31             1                       5
32                 53             2                       6
32                 57             0                       9
32                 61             4                       4
32                 66             0                       7
32                 70             3                       8
32                 74             1                       3
32                 77             3                       7
33                 6             0                       4
33                 11             4                       2
33                 35             2                       3
33                 38             0                       1
33                 40             2                       3
33                 44             3                       8
33                 56             2                       2
33                 63             3                       1
33                 74             0                       10
33                 83             4                       4
34                 8             1                       3
34                 21             0                       9
34                 40             2                       8
34                 49             1                       4
34                 52             4                       10
34                 57             3                       10
34                 58             0                       2
34                 66             1                       8
34                 69             1                       2
34                 72             1                       8
35                 2             0                       8
35                 31             3                       8
35                 32             4                       2
35                 33             4                       1
35                 38             3                       3
35                 45             3                       1
35                 53             3                       7
35                 56             2                       7
35                 67             4                       7
35                 84             3                       8
36                 6             2                       1
36                 16             1                       8
36                 19             0                       2
36                 21             2                       4
36                 46             3                       1
36                 51             4                       3
36                 77             1                       3
36                 80             0                       2
36                 92             2                       5
36                 99             0                       4
37                 3             1                       7
37                 10             1                       1
37                 12             4                       9
37                 14             4                       8
37                 17             3                       8
37                 30             2                       2
37                 33             1                       7
37                 43             0                       4
37                 46             4                       9
37                 58             3                       7
38                 2             1                       5
38                 11             4                       3
38                 23             4                       8
38                 36             0                       5
38                 37             0                       2
38                 52             3                       8
38                 60             4                       10
38                 66             4                       1
38                 79             3                       2
38                 88             0                       2
39                 6             2                       2
39                 15             1                       7
39                 17             0                       3
39                 24             3                       1
39                 49             4                       5
39                 54             4                       3
39                 64             3                       4
39                 96             4                       5
39                 97             1                       6
39                 98             1                       8
40                 26             1                       7
40                 32             3                       7
40                 41             0                       1
40                 47             4                       3
40                 50             4                       5
40                 78             2                       2
40                 84             4                       6
40                 85             0                       9
40                 88             4                       10
40                 90             2                       10
41                 15             3                       4
41                 21             0                       7
41                 23             3                       6
41                 29             4                       2
41                 50             4                       3
41                 53             2                       4
41                 61             4                       7
41                 62             0                       4
41                 64             3                       5
41                 73             1                       8
42                 2             1                       2
42                 3             2                       5
42                 16             1                       9
42                 25             1                       9
42                 31             1                       9
42                 33             3                       8
42                 51             0                       10
42                 53             1                       10
42                 75             0                       2
42                 88             1                       6
43                 17             1                       6
43                 44             0                       1
43                 46             4                       2
43                 73             1                       9
43                 74             4                       4
43                 75             1                       8
43                 84             2                       9
43                 88             0                       3
43                 94             0                       2
43                 96             2                       9
44                 18             3                       6
44                 33             0                       2
44                 49             0                       1
44                 58             2                       4
44                 75             3                       3
44                 76             0                       5
44                 90             2                       7
44                 91             0                       2
44                 96             3                       1
44                 100             0                       9
45                 25             0                       2
45                 37             1                       4
45                 45             2                       4
45                 47             1                       4
45                 91             0                       3
45                 96             0                       2
45                 97             4                       7
45                 98             4                       7
45                 99             3                       9
45                 100             1                       2
46                 5             0                       3
46                 18             4                       9
46                 24             2                       3
46                 45             4                       6
46                 58             2                       8
46                 59             0                       2
46                 76             3                       2
46                 78             0                       3
46                 81             2                       6
46                 86             2                       8
47                 34             1                       1
47                 43             0                       8
47                 56             1                       3
47                 62             2                       6
47                 75             2                       6
47                 89             1                       3
47                 92             0                       3
47                 93             3                       9
47                 94             0                       3
47                 96             1                       3
48                 3             2                       1
48                 5             2                       4
48                 16             2                       5
48                 17             4                       9
48                 36             3                       8
48                 44             4                       2
48                 45             3                       7
48                 48             1                       10
48                 70             3                       1
48                 73             4                       5
49                 10             0                       3
49                 11             2                       6
49                 17             4                       7
49                 22             3                       2
49                 26             1                       1
49                 33             4                       9
49                 35             2                       10
49                 69             1                       5
49                 84             0                       1
49                 86             4                       4
50                 10             4                       8
50                 16             1                       6
50                 41             3                       7
50                 42             2                       9
50                 70             1                       5
50                 77             4                       8
50                 81             3                       3
50                 86             3                       6
50                 94             3                       5
50                 96             2                       6
51                 13             3                       1
51                 20             0                       9
51                 22             0                       3
51                 27             0                       2
51                 38             4                       9
51                 58             4                       9
51                 77             1                       2
51                 78             0                       8
51                 82             0                       2
51                 83             2                       6
52                 1             2                       8
52                 6             0                       5
52                 9             0                       5
52                 15             4                       10
52                 26             3                       8
52                 30             0                       10
52                 39             2                       5
52                 51             1                       4
52                 55             4                       10
52                 59             4                       5
53                 4             3                       8
53                 7             4                       2
53                 13             4                       6
53                 26             2                       4
53                 42             3                       8
53                 50             4                       9
53                 53             3                       8
53                 57             3                       6
53                 61             4                       3
53                 67             4                       9
54                 7             4                       7
54                 12             1                       3
54                 18             3                       10
54                 19             0                       5
54                 27             1                       3
54                 54             2                       8
54                 93             1                       4
54                 98             1                       3
54                 99             1                       5
54                 100             3                       10
55                 5             3                       9
55                 15             3                       8
55                 21             4                       10
55                 44             0                       3
55                 48             0                       3
55                 76             3                       6
55                 82             1                       3
55                 87             1                       7
55                 91             1                       9
55                 93             0                       10
56                 6             4                       6
56                 31             1                       6
56                 34             2                       2
56                 52             0                       2
56                 59             4                       6
56                 66             4                       3
56                 84             4                       10
56                 89             4                       9
56                 92             3                       8
56                 93             2                       6
57                 7             4                       8
57                 8             2                       4
57                 27             3                       4
57                 30             0                       9
57                 35             4                       4
57                 46             2                       3
57                 49             2                       2
57                 65             3                       9
57                 87             4                       10
57                 88             1                       7
58                 19             4                       3
58                 20             4                       2
58                 54             1                       9
58                 59             1                       3
58                 63             3                       9
58                 64             3                       6
58                 79             2                       6
58                 83             2                       10
58                 95             4                       9
58                 97             3                       8
59                 21             3                       8
59                 29             0                       8
59                 37             3                       7
59                 49             1                       6
59                 56             2                       8
59                 68             2                       2
59                 69             3                       9
59                 70             4                       9
59                 86             1                       9
59                 91             2                       8
60                 8             3                       5
60                 9             3                       2
60                 17             2                       4
60                 37             1                       9
60                 43             2                       6
60                 58             3                       5
60                 60             3                       2
60                 64             1                       7
60                 88             0                       8
60                 90             2                       2
61                 9             4                       9
61                 26             3                       2
61                 33             1                       3
61                 51             3                       6
61                 60             1                       6
61                 68             1                       3
61                 70             3                       10
61                 74             2                       5
61                 75             1                       1
61                 79             0                       3
62                 7             0                       9
62                 10             1                       9
62                 11             2                       4
62                 16             0                       2
62                 28             3                       3
62                 41             1                       4
62                 51             2                       5
62                 52             2                       9
62                 55             1                       3
62                 66             2                       5
63                 10             0                       2
63                 23             4                       1
63                 24             3                       9
63                 41             1                       9
63                 48             0                       7
63                 55             1                       7
63                 56             0                       9
63                 67             1                       10
63                 79             1                       10
63                 80             0                       9
64                 1             2                       1
64                 2             1                       6
64                 4             2                       4
64                 19             2                       4
64                 22             0                       4
64                 29             0                       3
64                 48             1                       8
64                 57             1                       7
64                 60             0                       3
64                 65             4                       5
65                 17             4                       10
65                 18             0                       1
65                 34             4                       9
65                 43             0                       3
65                 47             2                       5
65                 62             2                       5
65                 71             0                       1
65                 84             1                       2
65                 92             1                       6
65                 95             0                       2
66                 1             4                       9
66                 10             3                       6
66                 13             4                       4
66                 36             0                       3
66                 50             3                       6
66                 62             1                       7
66                 74             2                       6
66                 83             1                       1
66                 86             0                       1
66                 88             4                       4
67                 23             4                       9
67                 36             0                       10
67                 66             1                       4
67                 68             3                       10
67                 69             1                       6
67                 91             1                       5
67                 96             4                       10
67                 97             3                       9
67                 99             0                       6
67                 100             1                       3
68                 20             4                       10
68                 27             1                       7
68                 30             1                       5
68                 60             2                       7
68                 71             3                       2
68                 80             1                       3
68                 85             1                       3
68                 87             2                       8
68                 90             2                       3
68                 94             0                       4
69                 1             4                       3
69                 2             4                       10
69                 3             2                       8
69                 5             0                       10
69                 7             0                       3
69                 13             4                       7
69                 33             4                       4
69                 42             0                       3
69                 46             3                       10
69                 50             2                       10
70                 2             1                       9
70                 6             3                       7
70                 14             4                       6
70                 16             0                       7
70                 30             2                       3
70                 58             4                       10
70                 59             2                       4
70                 65             2                       10
70                 68             2                       8
70                 78             1                       5
71                 14             3                       9
71                 22             0                       6
71                 28             3                       7
71                 33             1                       5
71                 57             4                       1
71                 62             2                       8
71                 63             3                       2
71                 65             1                       2
71                 75             3                       9
71                 78             4                       9
72                 1             4                       10
72                 4             4                       10
72                 6             3                       9
72                 18             3                       3
72                 20             0                       3
72                 40             1                       6
72                 65             4                       7
72                 98             1                       4
72                 99             1                       3
72                 100             0                       6
73                 7             0                       10
73                 9             1                       3
73                 14             2                       2
73                 26             3                       9
73                 39             4                       10
73                 40             0                       4
73                 43             4                       9
73                 44             0                       9
73                 56             0                       5
73                 59             3                       8
74                 9             3                       6
74                 25             0                       3
74                 28             4                       10
74                 34             4                       5
74                 46             3                       4
74                 50             1                       2
74                 56             1                       6
74                 64             2                       8
74                 70             2                       3
74                 73             4                       6
75                 3             4                       9
75                 9             0                       7
75                 16             2                       10
75                 31             1                       10
75                 32             2                       3
75                 38             4                       4
75                 58             1                       1
75                 61             3                       8
75                 67             0                       3
75                 78             4                       10
76                 11             0                       1
76                 24             3                       6
76                 29             2                       9
76                 38             1                       2
76                 45             1                       8
76                 48             3                       9
76                 66             4                       9
76                 67             0                       4
76                 70             1                       2
76                 72             4                       5
77                 3             1                       10
77                 9             0                       4
77                 22             1                       8
77                 26             3                       3
77                 46             3                       5
77                 55             3                       9
77                 69             4                       10
77                 75             1                       4
77                 81             2                       8
77                 82             0                       5
78                 13             3                       8
78                 16             0                       3
78                 25             1                       8
78                 47             4                       9
78                 51             4                       7
78                 54             4                       4
78                 61             4                       9
78                 65             2                       6
78                 75             3                       5
78                 76             4                       8
79                 9             4                       10
79                 10             3                       7
79                 14             4                       1
79                 29             0                       4
79                 30             1                       6
79                 44             2                       4
79                 55             1                       8
79                 65             2                       3
79                 69             0                       7
79                 81             4                       9
80                 11             4                       8
80                 14             3                       3
80                 42             4                       10
80                 43             1                       5
80                 46             4                       6
80                 54             0                       5
80                 66             2                       6
80                 72             2                       9
80                 76             4                       3
80                 77             2                       4
81                 5             2                       8
81                 12             4                       7
81                 13             3                       9
81                 24             4                       10
81                 30             0                       4
81                 33             4                       6
81                 43             3                       10
81                 71             2                       3
81                 74             1                       8
81                 81             4                       10
82                 17             1                       5
82                 19             4                       8
82                 21             0                       2
82                 32             0                       5
82                 35             4                       5
82                 41             3                       10
82                 62             0                       2
82                 67             0                       5
82                 90             0                       1
82                 93             0                       7
83                 1             2                       4
83                 36             1                       6
83                 57             3                       2
83                 59             3                       7
83                 60             1                       5
83                 61             0                       1
83                 66             3                       2
83                 73             4                       10
83                 80             4                       10
83                 82             1                       6
84                 2             2                       7
84                 5             1                       5
84                 6             3                       8
84                 18             4                       2
84                 39             1                       2
84                 72             3                       6
84                 73             0                       1
84                 75             3                       10
84                 80             1                       5
84                 85             4                       10
85                 3             0                       2
85                 10             2                       10
85                 11             3                       7
85                 12             2                       6
85                 15             0                       9
85                 19             0                       9
85                 21             3                       3
85                 27             0                       5
85                 37             4                       10
85                 53             4                       2
86                 13             2                       2
86                 20             3                       7
86                 40             0                       10
86                 41             1                       5
86                 56             2                       10
86                 63             4                       10
86                 69             3                       3
86                 71             4                       9
86                 82             3                       8
86                 85             2                       7
87                 24             4                       2
87                 28             0                       8
87                 29             2                       5
87                 31             2                       7
87                 45             0                       2
87                 47             1                       6
87                 54             4                       10
87                 70             3                       6
87                 91             0                       6
87                 93             3                       3
88                 7             4                       4
88                 59             4                       9
88                 62             3                       10
88                 72             4                       10
88                 76             4                       9
88                 79             3                       9
88                 89             2                       4
88                 95             4                       6
88                 96             2                       7
88                 97             1                       3
89                 6             1                       3
89                 34             4                       10
89                 35             2                       6
89                 44             4                       10
89                 49             4                       10
89                 52             1                       3
89                 59             3                       10
89                 66             0                       10
89                 71             3                       4
89                 84             1                       3
90                 11             1                       9
90                 15             2                       5
90                 25             3                       10
90                 28             0                       2
90                 32             3                       8
90                 39             2                       6
90                 50             3                       1
90                 63             0                       3
90                 73             0                       2
90                 76             4                       10
91                 7             2                       5
91                 17             0                       2
91                 32             2                       6
91                 39             0                       3
91                 42             2                       7
91                 63             2                       5
91                 64             3                       9
91                 81             0                       1
91                 85             3                       8
91                 87             3                       9
92                 1             4                       5
92                 14             2                       4
92                 39             3                       7
92                 45             4                       10
92                 57             3                       8
92                 61             4                       10
92                 62             1                       9
92                 63             3                       4
92                 72             1                       3
92                 86             3                       7
93                 8             3                       6
93                 10             4                       4
93                 35             3                       7
93                 54             2                       6
93                 57             1                       3
93                 64             0                       10
93                 68             2                       9
93                 81             4                       4
93                 89             3                       5
93                 92             0                       9
94                 13             4                       5
94                 38             4                       5
94                 40             2                       9
94                 47             1                       10
94                 50             3                       7
94                 54             3                       7
94                 70             4                       7
94                 86             1                       10
94                 97             3                       10
94                 100             2                       7
95                 14             4                       10
95                 23             3                       2
95                 24             3                       7
95                 25             0                       4
95                 44             3                       7
95                 71             3                       10
95                 93             1                       5
95                 98             2                       9
95                 99             3                       10
95                 100             0                       4
96                 8             0                       1
96                 11             1                       10
96                 12             0                       4
96                 18             3                       7
96                 19             2                       6
96                 23             2                       10
96                 32             3                       9
96                 52             3                       4
96                 89             1                       2
96                 94             4                       9
97                 1             0                       6
97                 12             1                       10
97                 27             3                       10
97                 37             4                       5
97                 80             3                       7
97                 83             0                       2
97                 94             2                       10
97                 98             1                       5
97                 99             1                       7
97                 100             2                       8
98                 19             4                       10
98                 33             0                       10
98                 54             0                       2
98                 57             2                       4
98                 65             0                       1
98                 72             1                       4
98                 89             2                       6
98                 92             2                       7
98                 95             4                       10
98                 96             0                       4
99                 1             1                       2
99                 4             2                       2
99                 23             2                       4
99                 38             4                       10
99                 53             2                       5
99                 65             3                       8
99                 82             4                       4
99                 89             3                       10
99                 91             4                       7
99                 95             0                       3
100                 4             1                       5
100                 6             4                       10
100                 13             4                       10
100                 21             2                       6
100                 22             4                       10
100                 28             1                       4
100                 36             3                       9
100                 46             3                       7
100                 68             0                       4
100                 81             3                       7