14
1                 14             2                       1
1                 44             3                       5
1                 68             0                       8
1                 91             2                       6
1                 95             0                       4
1                 96             0                       4
1                 97             4                       1
1                 98             3                       1
1                 99             3                       6
1                 100             1                       8
2                 5             3                       8
2                 7             2                       10
2                 29             3                       5
2                 37             4                       5
2                 57             2                       1
2                 73             2                       1
2                 76             0                       3
2                 78             2                       8
2                 89             4                       2
2                 95             0                       6
3                 29             4                       1
3                 40             1                       7
3                 44             0                       6
3                 59             3                       7
3                 61             0                       4
3                 63             1                       10
3                 80             3                       8
3                 87             2                       3
3                 89             4                       3
3                 90             3                       2
4                 16             4                       2
4                 19             2                       2
4                 24             3                       9
4                 27             4                       2
4                 33             4                       4
4                 48             4                       3
4                 50             2                       2
4                 72             0                       2
4                 88             2                       3
4                 92             1                       7
5                 23             2                       8
5                 31             4                       3
5                 35             0                       5
5                 47             3                       9
5                 52             0                       8
5                 54             3                       1
5                 57             0                       5
5                 74             4                       1
5                 85             4                       1
5                 90             3                       1
6                 3             2                       1
6                 23             0                       3
6                 26             4                       4
6                 38             3                       8
6                 56             4                       7
6                 59             4                       2
6                 69             2                       7
6                 79             4                       5
6                 90             3                       5
6                 91             4                       3
7                 29             0                       8
7                 31             2                       6
7                 39             0                       8
7                 51             3                       3
7                 56             0                       8
7                 59             4                       3
7                 64             3                       3
7                 73             3                       2
7                 82             4                       7
7                 86             4                       1
8                 24             1                       1
8                 36             2                       9
8                 40             1                       9
8                 42             2                       5
8                 52             4                       5
8                 56             3                       9
8                 62             2                       1
8                 72             4                       3
8                 78             0                       4
8                 82             4                       3
9                 26             1                       8
9                 28             3                       9
9                 46             2                       1
9                 53             0                       7
9                 77             3                       6
9                 86             3                       2
9                 88             1                       6
9                 91             4                       1
9                 92             4                       1
9                 94             3                       2
10                 2             3                       3
10                 17             3                       1
10                 27             4                       6
10                 31             4                       1
10                 45             0                       6
10                 66             2                       9
10                 83             1                       8
10                 87             4                       4
10                 89             1                       8
10                 91             1                       7
11                 2             0                       4
11                 8             2                       8
11                 12             3                       10
11                 20             3                       9
11                 23             1                       1
11                 26             0                       5
11                 28             3                       1
11                 40             1                       1
11                 41             0                       2
11                 45             3                       7
12                 20             3                       1
12                 63             0                       4
12                 66             2                       10
12                 79             4                       2
12                 86             3                       5
12                 87             2                       8
12                 90             4                       6
12                 95             3                       1
12                 97             0                       8
12                 98             2                       2
13                 9             4                       1
13                 19             2                       9
13                 23             4                       2
13                 27             2                       7
13                 33             3                       1
13                 48             0                       9
13                 61             2                       1
13                 66             4                       4
13                 68             2                       1
13                 73             1                       6
14                 2             2                       1
14                 5             4                       1
14                 7             0                       5
14                 10             2                       7
14                 21             1                       1
14                 34             3                       1
14                 39             4                       1
14                 62             2                       7
14                 69             2                       1
14                 79             4                       6
15                 9             2                       7
15                 54             0                       9
15                 67             2                       8
15                 89             0                       6
15                 95             4                       2
15                 96             3                       3
15                 97             4                       2
15                 98             0                       5
15                 99             4                       4
15                 100             0                       6
16                 12             2                       6
16                 15             1                       7
16                 25             3                       10
16                 46             2                       6
16                 76             1                       1
16                 80             2                       1
16                 81             2                       9
16                 82             1                       4
16                 83             0                       3
16                 90             3                       9
17                 25             1                       8
17                 47             0                       2
17                 79             2                       7
17                 87             4                       5
17                 92             2                       8
17                 95             4                       8
17                 97             1                       9
17                 98             2                       3
17                 99             1                       7
17                 100             0                       9
18                 3             2                       2
18                 7             0                       6
18                 8             4                       3
18                 18             4                       1
18                 19             4                       5
18                 27             4                       8
18                 41             1                       1
18                 49             0                       7
18                 51             2                       7
18                 64             1                       9
19                 9             0                       8
19                 15             1                       8
19                 31             0                       7
19                 33             0                       5
19                 34             1                       3
19                 42             3                       3
19                 53             1                       1
19                 60             3                       1
19                 68             2                       2
19                 75             1                       10
20                 3             0                       4
20                 12             1                       7
20                 42             1                       6
20                 46             1                       7
20                 53             0                       9
20                 54             0                       7
20                 56             4                       1
20                 87             4                       6
20                 91             3                       4
20                 97             4                       4
21                 1             2                       3
21                 19             1                       6
21                 35             1                       1
21                 48             0                       4
21                 53             3                       2
21                 57             2                       2
21                 62             4                       3
21                 65             3                       6
21                 68             0                       5
21                 81             1                       1
22                 32             2                       1
22                 45             2                       8
22                 46             1                       8
22                 52             4                       1
22                 54             3                       2
22                 63             1                       1
22                 67             1                       7
22                 69             0                       5
22                 71             1                       5
22                 94             0                       3
23                 6             0                       7
23                 12             3                       5
23                 17             0                       7
23                 22             2                       2
23                 25             4                       9
23                 40             2                       2
23                 65             2                       9
23                 69             3                       2
23                 77             1                       9
23                 81             4                       5
24                 5             0                       9
24                 7             0                       1
24                 15             0                       1
24                 19             0                       8
24                 42             3                       1
24                 43             3                       3
24                 66             2                       7
24                 70             4                       4
24                 83             1                       4
24                 85             4                       2
25                 4             3                       2
25                 9             4                       3
25                 17             1                       2
25                 20             3                       5
25                 45             2                       9
25                 52             3                       3
25                 61             1                       2
25                 72             3                       7
25                 82             2                       1
25                 84             0                       6
26                 2             0                       9
26                 41             3                       3
26                 45             0                       1
26                 50             1                       5
26                 60             0                       6
26                 68             2                       6
26                 84             2                       8
26                 93             2                       2
26                 95             0                       9
26                 97             0                       3
27                 4             4                       4
27                 5             4                       4
27                 6             4                       5
27                 11             2                       7
27                 12             3                       2
27                 13             2                       8
27                 28             3                       4
27                 31             3                       8
27                 62             2                       9
27                 84             1                       1
28                 5             3                       10
28                 31             3                       4
28                 32             1                       10
28                 37             3                       7
28                 85             0                       8
28                 86             2                       6
28                 94             1                       1
28                 97             0                       10
28                 99             0                       1
28                 100             1                       4
29                 42             3                       7
29                 43             3                       1
29                 50             4                       6
29                 53             0                       8
29                 72             1                       1
29                 81             0                       10
29                 91             4                       8
29                 93             3                       3
29                 96             0                       6
29                 98             1                       6
30                 18             0                       9
30                 21             0                       8
30                 30             4                       1
30                 33             3                       8
30                 34             1                       6
30                 43             2                       6
30                 55             3                       4
30                 63             0                       5
30                 76             0                       4
30                 93             1                       1
31                 1             1                       5
31                 3             3                       8
31                 22             2                       8
31                 35             4                       8
31                 37             0                       3
31                 38             3                       9
31                 48             4                       1
31                 50             1                       4
31                 75             3                       1
31                 77             2                       8
32                 6             1                       8
32                 8             1                       4
32                 20             2                       6
32                 21             0                       2
32                 23             1                       4
32                 47             2                       3
32                 58             2                       1
32                 62             0                       4
32                 68             1                       4
32                 86             3                       7
33                 11             2                       8
33                 14             0                       4
33                 15             2                       3
33                 36             0                       3
33                 38             1                       5
33                 45             3                       10
33                 49             4                       6
33                 75             2                       4
33                 76             3                       7
33                 79             4                       8
34                 6             4                       9
34                 20             1                       2
34                 24             0                       2
34                 30             0                       7
34                 48             3                       6
34                 51             2                       9
34                 59             1                       8
34                 64             1                       4
34                 70             3                       6
34                 74             3                       5
35                 2             2                       5
35                 7             2                       2
35                 9             0                       9
35                 22             2                       3
35                 27             0                       9
35                 40             0                       3
35                 43             4                       10
35                 55             4                       1
35                 65             2                       1
35                 69             0                       8
36                 7             2                       3
36                 16             1                       9
36                 17             2                       8
36                 22             2                       4
36                 34             2                       4
36                 45             3                       4
36                 48             1                       10
36                 83             4                       5
36                 92             1                       2
36                 93             4                       8
37                 10             0                       5
37                 17             3                       5
37                 18             2                       2
37                 53             3                       10
37                 71             4                       7
37                 72             1                       8
37                 88             0                       9
37                 95             4                       10
37                 96             3                       7
37                 98             4                       10
38                 4             3                       8
38                 11             4                       1
38                 16             3                       3
38                 17             4                       10
38                 35             1                       9
38                 38             4                       6
38                 39             4                       5
38                 49             3                       8
38                 56             3                       10
38                 64             1                       8
39                 13             1                       9
39                 20             3                       4
39                 32             2                       2
39                 52             1                       6
39                 55             0                       9
39                 57             3                       9
39                 75             2                       6
39                 76             4                       8
39                 77             4                       4
39                 80             2                       9
40                 2             4                       10
40                 7             4                       7
40                 8             4                       5
40                 16             1                       6
40                 22             1                       5
40                 24             4                       3
40                 38             4                       10
40                 48             3                       7
40                 49             0                       9
40                 58             1                       8
41                 17             0                       4
41                 21             0                       5
41                 29             2                       7
41                 45             1                       3
41                 50             3                       8
41                 51             1                       4
41                 56             4                       4
41                 58             1                       2
41                 60             3                       5
41                 65             0                       7
42                 4             2                       1
42                 17             2                       6
42                 18             0                       6
42                 43             0                       7
42                 44             2                       1
42                 74             0                       7
42                 82             2                       5
42                 85             0                       4
42                 88             2                       4
42                 93             1                       5
43                 9             2                       4
43                 25             0                       6
43                 44             0                       8
43                 56             3                       5
43                 66             3                       5
43                 68             4                       9
43                 78             4                       3
43                 79             0                       1
43                 85             2                       6
43                 94             1                       8
44                 18             2                       3
44                 24             2                       7
44                 28             3                       5
44                 30             4                       2
44                 62             2                       5
44                 66             4                       6
44                 70             0                       1
44                 75             0                       2
44                 83             3                       6
44                 86             3                       3
45                 26             0                       9
45                 41             1                       5
45                 47             2                       5
45                 49             2                       5
45                 54             0                       3
45                 55             4                       2
45                 58             0                       6
45                 64             0                       5
45                 71             4                       1
45                 81             2                       6
46                 14             1                       9
46                 16             4                       7
46                 29             0                       2
46                 36             2                       10
46                 44             2                       7
46                 53             0                       3
46                 54             2                       4
46                 60             3                       10
46                 62             1                       2
46                 75             0                       3
47                 22             3                       6
47                 26             1                       1
47                 31             4                       9
47                 32             4                       4
47                 36             2                       4
47                 38             1                       1
47                 46             2                       3
47                 79             4                       4
47                 88             2                       7
47                 91             2                       9
48                 10             0                       9
48                 13             4                       1
48                 15             0                       10
48                 22             1                       7
48                 48             3                       8
48                 57             0                       6
48                 64             2                       6
48                 66             3                       8
48                 71             3                       8
48                 73             4                       3
49                 5             3                       5
49                 14             2                       5
49                 39             1                       6
49                 44             2                       9
49                 49             4                       1
49                 58             0                       4
49                 59             4                       9
49                 66             1                       3
49                 84             0                       3
49                 85             0                       9
50                 1             0                       6
50                 3             3                       10
50                 5             4                       6
50                 15             3                       2
50                 29             0                       9
50                 55             1                       3
50                 59             1                       10
50                 70             3                       2
50                 87             2                       9
50                 93             4                       9
51                 8             1                       9
51                 25             0                       1
51                 43             2                       4
51                 47             3                       7
51                 79             1                       9
51                 84             3                       7
51                 92             2                       5
51                 94             3                       4
51                 95             3                       7
51                 100             4                       5
52                 8             0                       1
52                 27             1                       10
52                 29             0                       3
52                 35             0                       2
52                 48             1                       2
52                 78             0                       1
52                 81             3                       8
52                 82             3                       9
52                 85             3                       7
52                 93             4                       10
53                 6             4                       4
53                 9             4                       2
53                 15             1                       4
53                 59             0                       1
53                 65             4                       10
53                 73             2                       9
53                 92             1                       3
53                 98             2                       7
53                 99             0                       2
53                 100             2                       1
54                 3             4                       9
54                 13             3                       3
54                 28             4                       6
54                 52             0                       2
54                 63             1                       2
54                 74             1                       4
54                 87             0                       1
54                 89             2                       4
54                 96             1                       8
54                 100             2                       7
55                 44             1                       3
55                 58             3                       5
55                 68             4                       10
55                 72             3                       5
55                 73             3                       7
55                 86             2                       4
55                 92             3                       4
55                 96             2                       5
55                 97             2                       6
55                 100             4                       10
56                 34             1                       10
56                 37             2                       8
56                 39             4                       2
56                 42             0                       8
56                 48             2                       5
56                 55             2                       5
56                 57             2                       3
56                 67             4                       5
56                 83             2                       7
56                 84             1                       4
57                 11             1                       3
57                 20             4                       10
57                 22             0                       1
57                 26             4                       2
57                 27             4                       4
57                 30             2                       8
57                 58             0                       3
57                 60             1                       7
57                 63             2                       7
57                 84             3                       9
58                 4             0                       3
58                 18             1                       5
58                 25             2                       2
58                 45             3                       2
58                 61             4                       5
58                 69             4                       10
58                 74             2                       6
58                 80             1                       2
58                 81             2                       7
58                 85             1                       5
59                 10             4                       1
59                 21             1                       3
59                 23             4                       9
59                 71             4                       9
59                 77             1                       1
59                 78             3                       6
59                 80             4                       3
59                 86             1                       9
59                 90             2                       3
59                 92             1                       9
60                 1             1                       1
60                 3             0                       5
60                 16             1                       4
60                 28             0                       7
60                 31             4                       5
60                 35             1                       6
60                 37             2                       1
60                 41             1                       7
60                 53             0                       4
60                 58             4                       10
61                 3             2                       6
61                 23             1                       5
61                 29             4                       4
61                 50             3                       7
61                 71             3                       3
61                 74             2                       8
61                 75             4                       5
61                 87             2                       10
61                 89             4                       9
61                 93             0                       4
62                 17             0                       3
62                 18             0                       4
62                 28             3                       2
62                 32             0                       3
62                 34             0                       8
62                 41             3                       8
62                 46             1                       4
62                 51             4                       5
62                 55             3                       7
62                 64             1                       1
63                 1             2                       2
63                 13             2                       4
63                 22             4                       9
63                 28             0                       8
63                 30             4                       9
63                 51             2                       6
63                 62             3                       6
63                 63             2                       8
63                 77             0                       2
63                 87             2                       7
64                 1             2                       7
64                 6             3                       1
64                 10             2                       2
64                 14             2                       8
64                 23             3                       7
64                 38             3                       2
64                 41             2                       4
64                 61             1                       9
64                 70             1                       5
64                 73             3                       8
65                 2             4                       2
65                 4             3                       5
65                 5             3                       7
65                 11             3                       9
65                 32             0                       6
65                 53             2                       5
65                 74             4                       9
65                 80             4                       5
65                 82             1                       2
65                 89             3                       7
66                 1             2                       8
66                 19             1                       3
66                 28             0                       3
66                 47             1                       4
66                 49             1                       4
66                 67             4                       1
66                 78             2                       2
66                 80             3                       6
66                 83             1                       9
66                 89             3                       1
67                 10             0                       3
67                 33             2                       7
67                 57             0                       7
67                 75             2                       7
67                 87             1                       2
67                 89             1                       10
67                 92             4                       10
67                 94             1                       9
67                 99             2                       8
67                 100             4                       2
68                 1             3                       9
68                 32             2                       7
68                 47             4                       8
68                 59             1                       4
68                 64             3                       10
68                 71             0                       10
68                 75             1                       8
68                 78             4                       9
68                 84             1                       5
68                 88             1                       8
69                 4             4                       9
69                 9             3                       6
69                 14             3                       6
69                 37             4                       9
69                 41             2                       6
69                 52             2                       9
69                 60             0                       2
69                 76             3                       9
69                 81             4                       2
69                 86             2                       8
70                 2             2                       6
70                 18             0                       7
70                 26             3                       7
70                 42             4                       10
70                 81             0                       3
70                 83             0                       1
70                 90             4                       10
70                 94             2                       6
70                 96             3                       1
70                 98             0                       8
71                 7             0                       4
71                 8             0                       2
71                 21             0                       6
71                 39             1                       9
71                 65             1                       4
71                 66             0                       1
71                 78             1                       10
71                 83             4                       10
71                 84             2                       2
71                 91             4                       10
72                 6             0                       2
72                 8             1                       10
72                 12             1                       3
72                 25             0                       3
72                 36             3                       8
72                 51             3                       8
72                 54             1                       6
72                 55             2                       8
72                 75             0                       9
72                 77             0                       3
73                 5             0                       2
73                 21             4                       10
73                 24             4                       8
73                 47             4                       10
73                 56             1                       3
73                 58             3                       9
73                 66             0                       2
73                 70             0                       7
73                 77             2                       7
73                 83             1                       2
74                 8             4                       6
74                 26             4                       10
74                 30             4                       4
74                 36             2                       1
74                 38             2                       4
74                 44             1                       4
74                 57             0                       4
74                 63             3                       6
74                 72             4                       9
74                 80             2                       4
75                 4             4                       10
75                 13             4                       5
75                 23             0                       10
75                 32             1                       5
75                 43             2                       8
75                 51             2                       1
75                 58             2                       7
75                 60             3                       8
75                 63             2                       9
75                 65             0                       8
76                 1             0                       4
76                 9             4                       10
76                 14             4                       3
76                 25             2                       7
76                 27             3                       5
76                 38             4                       7
76                 43             3                       5
76                 51             4                       10
76                 71             0                       2
76                 76             1                       5
77                 16             2                       5
77                 40             1                       4
77                 65             0                       2
77                 78             3                       7
77                 80             4                       10
77                 82             2                       10
77                 91             1                       2
77                 94             4                       10
77                 95             2                       5
77                 96             2                       2
78                 8             2                       7
78                 9             2                       5
78                 13             1                       2
78                 16             0                       1
78                 35             0                       3
78                 42             3                       4
78                 56             0                       2
78                 62             4                       10
78                 67             0                       9
78                 72             2                       4
79                 6             0                       3
79                 19             2                       7
79                 30             1                       10
79                 33             0                       9
79                 37             4                       10
79                 55             2                       6
79                 82             2                       6
79                 90             2                       4
79                 92             4                       6
79                 99             4                       9
80                 5             0                       3
80                 14             2                       7
80                 25             3                       4
80                 30             2                       5
80                 46             0                       9
80                 67             3                       3
80                 85             4                       10
80                 88             3                       1
80                 91             2                       5
80                 98             3                       9
81                 12             4                       8
81                 21             1                       7
81                 34             4                       5
81                 36             2                       5
81                 40             3                       5
81                 49             4                       10
81                 56             4                       6
81                 67             0                       2
81                 69             3                       6
81                 70             1                       10
82                 1             4                       10
82                 19             4                       10
82                 33             1                       10
82                 42             0                       2
82                 43             0                       2
82                 65             2                       3
82                 70             0                       3
82                 76             1                       6
82                 79             1                       3
82                 85             1                       3
83                 10             3                       6
83                 11             0                       10
83                 20             0                       7
83                 88             3                       10
83                 95             2                       3
83                 96             3                       9
83                 97             1                       5
83                 98             1                       4
83                 99             0                       3
83                 100             0                       3
84                 2             3                       7
84                 6             2                       10
84                 14             4                       10
84                 20             4                       8
84                 37             3                       6
84                 54             0                       10
84                 61             2                       7
84                 67             2                       6
84                 70             3                       8
84                 72             4                       10
85                 2             2                       8
85                 7             2                       8
85                 10             3                       8
85                 16             3                       8
85                 50             4                       9
85                 55             0                       10
85                 61             0                       3
85                 63             0                       3
85                 65             1                       5
85                 68             0                       7
86                 4             3                       6
86                 10             4                       10
86                 11             3                       4
86                 15             2                       5
86                 42             3                       9
86                 52             1                       4
86                 57             2                       8
86                 73             2                       4
86                 76             3                       10
86                 77             4                       10
87                 4             2                       7
87                 49             0                       2
87                 51             1                       2
87                 54             2                       8
87                 61             1                       6
87                 72             4                       6
87                 82             3                       8
87                 84             4                       10
87                 88             1                       5
87                 89             2                       5
88                 10             0                       4
88                 19             3                       1
88                 35             2                       10
88                 37             0                       2
88                 39             0                       10
88                 50             3                       3
88                 59             3                       5
88                 60             0                       3
88                 61             4                       10
88                 74             0                       10
89                 12             0                       1
89                 30             3                       6
89                 33             1                       6
89                 39             0                       3
89                 45             3                       5
89                 46             0                       2
89                 57             3                       10
89                 61             0                       8
89                 64             1                       7
89                 70             2                       9
90                 3             0                       3
90                 11             3                       5
90                 23             1                       6
90                 24             0                       4
90                 34             3                       9
90                 44             4                       10
90                 53             0                       6
90                 67             4                       10
90                 69             1                       3
90                 73             4                       10
91                 15             1                       6
91                 21             2                       9
91                 24             0                       5
91                 34             0                       2
91                 35             0                       4
91                 40             2                       8
91                 50             4                       10
91                 60             0                       4
91                 62             3                       8
91                 73             0                       5
92                 12             1                       4
92                 15             2                       9
92                 17             3                       9
92                 21             2                       4
92                 24             0                       10
92                 26             2                       6
92                 27             1                       3
92                 40             1                       6
92                 44             3                       2
92                 52             4                       10
93                 12             3                       9
93                 27             4                       1
93                 41             3                       9
93                 54             0                       5
93                 60             4                       9
93                 68             3                       3
93                 71             2                       4
93                 76             1                       2
93                 86             4                       10
93                 90             2                       7
94                 13             2                       6
94                 16             3                       10
94                 18             2                       8
94                 30             1                       3
94                 31             0                       2
94                 32             0                       8
94                 33             0                       2
94                 35             4                       7
94                 38             1                       3
94                 41             4                       10
95                 14             0                       2
95                 36             4                       6
95                 43             3                       9
95                 74             0                       2
95                 77             0                       5
95                 81             0                       4
95                 88             0                       2
95                 93             1                       6
95                 96             3                       10
95                 99             2                       5
96                 25             1                       5
96                 34             2                       7
96                 36             4                       7
96                 39             3                       7
96                 46             2                       10
96                 52             3                       7
96                 93             3                       7
96                 94             1                       5
96                 97             2                       7
96                 99             1                       10
97                 11             2                       6
97                 32             3                       9
97                 47             1                       6
97                 50             0                       1
97                 69             1                       4
97                 78             4                       5
97                 79             3                       10
97                 80             3                       7
97                 90             1                       8
97                 94             2                       7
98                 7             2                       9
98                 13             3                       7
98                 18             4                       10
98                 20             1                       3
98                 24             1                       6
98                 31             4                       10
98                 37             4                       4
98                 40             4                       10
98                 47             1                       1
98                 49             4                       3
99                 13             4                       10
99                 19             1                       4
99                 29             2                       6
99                 33             1                       3
99                 36             0                       2
99                 46             2                       5
99                 59             4                       6
99                 64             0                       2
99                 71             4                       6
99                 74             3                       3
100                 3             2                       7
100                 6             2                       6
100                 11             0                       2
100                 22             4                       10
100                 26             0                       3
100                 28             4                       10
100                 29             4                       10
100                 39             0                       4
100                 67             1                       4
100                 69             3                       9