14
1                 3             1                       1
1                 4             3                       3
1                 6             4                       3
1                 35             0                       5
1                 37             2                       9
1                 39             1                       8
1                 50             4                       6
1                 53             1                       4
1                 55             3                       1
1                 59             1                       5
2                 5             3                       1
2                 16             2                       9
2                 20             4                       2
2                 29             3                       1
2                 31             3                       1
2                 47             3                       3
2                 54             4                       1
2                 72             4                       1
2                 73             1                       8
2                 78             2                       8
3                 10             3                       5
3                 16             3                       8
3                 29             4                       5
3                 45             3                       8
3                 59             3                       2
3                 70             2                       1
3                 81             4                       1
3                 84             3                       4
3                 86             0                       4
3                 88             1                       6
4                 5             0                       5
4                 10             0                       6
4                 12             2                       10
4                 27             1                       3
4                 40             3                       3
4                 41             3                       4
4                 47             3                       8
4                 48             1                       8
4                 49             2                       7
4                 66             0                       9
5                 3             4                       2
5                 8             1                       9
5                 12             0                       3
5                 16             1                       4
5                 18             2                       1
5                 67             4                       6
5                 72             0                       9
5                 79             2                       7
5                 84             0                       7
5                 87             3                       9
6                 4             4                       5
6                 9             2                       9
6                 11             0                       7
6                 35             2                       4
6                 40             2                       5
6                 45             4                       5
6                 57             2                       3
6                 58             1                       7
6                 68             1                       5
6                 77             4                       6
7                 4             4                       7
7                 27             2                       7
7                 34             4                       1
7                 35             1                       6
7                 48             0                       5
7                 57             2                       1
7                 58             4                       4
7                 83             3                       2
7                 84             3                       1
7                 93             0                       7
8                 2             3                       5
8                 6             1                       7
8                 13             1                       6
8                 18             4                       4
8                 21             3                       8
8                 31             2                       8
8                 38             4                       8
8                 52             0                       4
8                 53             4                       6
8                 57             2                       6
9                 14             2                       1
9                 39             4                       6
9                 54             4                       2
9                 64             4                       5
9                 65             1                       6
9                 74             3                       1
9                 81             3                       9
9                 95             3                       1
9                 96             0                       7
9                 99             3                       1
10                 12             4                       4
10                 15             3                       1
10                 24             3                       1
10                 26             0                       9
10                 30             1                       1
10                 32             4                       1
10                 70             2                       2
10                 71             3                       2
10                 73             0                       9
10                 74             2                       4
11                 25             0                       5
11                 26             0                       3
11                 29             2                       10
11                 45             0                       9
11                 49             4                       5
11                 76             0                       3
11                 78             0                       9
11                 94             2                       8
11                 98             2                       3
11                 100             1                       7
12                 9             3                       2
12                 21             4                       5
12                 46             3                       3
12                 65             1                       10
12                 75             0                       6
12                 92             4                       5
12                 93             3                       1
12                 94             1                       1
12                 96             2                       10
12                 97             0                       5
13                 7             4                       4
13                 15             3                       4
13                 16             1                       5
13                 31             2                       2
13                 51             4                       4
13                 52             3                       1
13                 53             2                       2
13                 56             2                       8
13                 61             3                       3
13                 83             4                       8
14                 5             3                       8
14                 21             3                       1
14                 40             0                       7
14                 41             1                       10
14                 44             3                       1
14                 52             2                       7
14                 82             1                       7
14                 88             2                       5
14                 91             0                       3
14                 95             0                       5
15                 8             4                       2
15                 13             0                       7
15                 35             4                       7
15                 38             0                       1
15                 44             0                       8
15                 47             3                       4
15                 51             3                       1
15                 76             3                       6
15                 84             4                       6
15                 97             3                       9
16                 4             0                       1
16                 9             4                       3
16                 26             2                       4
16                 33             4                       3
16                 48             4                       2
16                 67             3                       10
16                 70             2                       4
16                 73             2                       10
16                 74             0                       5
16                 79             4                       8
17                 15             2                       7
17                 26             4                       1
17                 38             1                       2
17                 48             3                       1
17                 57             2                       4
17                 60             0                       7
17                 65             3                       2
17                 67             0                       5
17                 72             3                       4
17                 77             4                       1
18                 5             3                       9
18                 22             0                       5
18                 27             4                       4
18                 32             0                       8
18                 44             0                       9
18                 67             2                       1
18                 73             3                       2
18                 78             1                       6
18                 81             1                       10
18                 82             3                       5
19                 2             0                       6
19                 11             4                       1
19                 19             3                       1
19                 21             2                       2
19                 22             0                       6
19                 31             0                       3
19                 52             0                       8
19                 54             0                       8
19                 60             3                       1
19                 63             3                       1
20                 3             0                       7
20                 16             0                       6
20                 35             2                       9
20                 47             2                       5
20                 52             4                       9
20                 58             0                       8
20                 69             2                       9
20                 74             3                       2
20                 88             3                       1
20                 92             3                       9
21                 5             4                       6
21                 12             1                       1
21                 16             0                       7
21                 39             0                       9
21                 40             4                       6
21                 62             1                       7
21                 77             0                       8
21                 87             1                       10
21                 90             3                       1
21                 95             4                       7
22                 1             2                       9
22                 4             3                       9
22                 6             3                       8
22                 20             4                       4
22                 33             0                       9
22                 51             4                       5
22                 61             1                       1
22                 70             2                       3
22                 73             2                       4
22                 80             4                       5
23                 11             0                       9
23                 37             1                       1
23                 40             3                       8
23                 62             3                       4
23                 69             0                       6
23                 75             2                       7
23                 79             2                       9
23                 92             3                       10
23                 96             3                       8
23                 97             4                       6
24                 8             3                       3
24                 16             1                       1
24                 43             4                       1
24                 55             1                       9
24                 68             2                       2
24                 85             3                       1
24                 87             0                       3
24                 88             2                       2
24                 90             2                       9
24                 93             2                       4
25                 5             2                       3
25                 7             1                       8
25                 30             0                       9
25                 45             2                       2
25                 46             2                       6
25                 49             4                       4
25                 67             1                       2
25                 69             1                       7
25                 85             1                       2
25                 88             0                       8
26                 6             4                       2
26                 14             2                       5
26                 34             1                       2
26                 40             1                       2
26                 46             2                       8
26                 51             2                       8
26                 61             3                       4
26                 81             4                       7
26                 82             4                       1
26                 89             3                       1
27                 25             3                       10
27                 36             0                       6
27                 56             1                       6
27                 62             3                       5
27                 71             4                       6
27                 76             0                       7
27                 87             0                       1
27                 91             2                       8
27                 92             0                       6
27                 94             3                       9
28                 13             2                       4
28                 22             4                       1
28                 25             4                       6
28                 42             4                       3
28                 49             4                       8
28                 50             0                       3
28                 62             1                       8
28                 65             4                       3
28                 66             0                       5
28                 67             0                       3
29                 1             1                       6
29                 14             1                       7
29                 23             0                       3
29                 30             4                       7
29                 34             1                       9
29                 43             1                       4
29                 56             2                       3
29                 68             1                       6
29                 78             4                       10
29                 81             2                       5
30                 45             2                       3
30                 80             2                       1
30                 82             0                       9
30                 84             0                       2
30                 89             1                       2
30                 92             3                       7
30                 94             3                       6
30                 98             3                       8
30                 99             4                       6
30                 100             1                       1
31                 13             4                       8
31                 18             1                       2
31                 21             2                       3
31                 26             3                       5
31                 32             4                       5
31                 33             1                       10
31                 39             4                       1
31                 63             3                       4
31                 74             3                       6
31                 78             4                       1
32                 3             4                       3
32                 8             3                       1
32                 23             4                       7
32                 29             1                       2
32                 41             2                       6
32                 53             0                       8
32                 62             0                       1
32                 65             2                       7
32                 71             2                       4
32                 72             2                       5
33                 7             3                       1
33                 18             2                       7
33                 20             0                       6
33                 34             0                       4
33                 42             0                       2
33                 64             2                       2
33                 83             4                       3
33                 91             2                       1
33                 93             1                       6
33                 94             0                       3
34                 8             2                       6
34                 24             2                       2
34                 26             2                       6
34                 27             2                       2
34                 30             3                       10
34                 34             0                       10
34                 39             2                       10
34                 61             1                       7
34                 67             3                       7
34                 71             1                       5
35                 19             0                       4
35                 25             2                       7
35                 27             4                       8
35                 43             0                       5
35                 47             3                       2
35                 79             4                       3
35                 84             1                       8
35                 88             3                       9
35                 90             3                       2
35                 95             1                       8
36                 3             1                       4
36                 6             2                       9
36                 12             3                       8
36                 20             4                       7
36                 24             2                       6
36                 42             2                       8
36                 51             3                       6
36                 54             2                       9
36                 57             1                       7
36                 66             4                       1
37                 1             0                       7
37                 17             1                       8
37                 38             0                       5
37                 48             4                       3
37                 49             1                       9
37                 56             1                       9
37                 58             4                       1
37                 60             0                       5
37                 61             0                       5
37                 69             4                       10
38                 8             0                       7
38                 16             4                       10
38                 36             4                       1
38                 56             3                       10
38                 69             4                       5
38                 71             0                       1
38                 75             0                       4
38                 83             4                       4
38                 84             2                       10
38                 91             4                       4
39                 7             2                       9
39                 13             2                       9
39                 16             0                       2
39                 50             3                       1
39                 55             0                       6
39                 68             1                       9
39                 72             0                       10
39                 84             3                       9
39                 89             0                       4
39                 93             1                       10
40                 18             0                       3
40                 35             0                       1
40                 36             3                       7
40                 41             2                       1
40                 46             4                       4
40                 50             2                       7
40                 62             3                       2
40                 74             3                       3
40                 75             4                       8
40                 80             4                       6
41                 5             4                       7
41                 15             2                       8
41                 22             4                       2
41                 30             4                       2
41                 32             0                       2
41                 36             3                       8
41                 37             1                       2
41                 38             0                       3
41                 39             0                       2
41                 72             1                       3
42                 1             3                       8
42                 3             4                       8
42                 4             0                       2
42                 17             2                       1
42                 18             0                       8
42                 22             1                       4
42                 43             0                       6
42                 51             2                       9
42                 53             3                       7
42                 71             3                       7
43                 14             2                       2
43                 15             1                       2
43                 23             1                       1
43                 31             3                       9
43                 35             2                       2
43                 38             3                       10
43                 40             4                       9
43                 47             3                       9
43                 66             3                       6
43                 76             1                       1
44                 11             3                       2
44                 17             4                       2
44                 26             1                       2
44                 28             1                       1
44                 30             2                       5
44                 33             1                       1
44                 44             0                       6
44                 53             4                       9
44                 58             3                       2
44                 70             1                       5
45                 9             0                       1
45                 18             2                       9
45                 25             2                       3
45                 31             3                       4
45                 44             3                       2
45                 55             2                       2
45                 57             3                       10
45                 73             2                       5
45                 82             3                       8
45                 85             0                       10
46                 6             4                       10
46                 14             0                       8
46                 24             2                       3
46                 30             2                       6
46                 37             1                       7
46                 38             0                       6
46                 44             0                       3
46                 48             2                       4
46                 50             0                       9
46                 68             3                       7
47                 11             1                       8
47                 15             4                       10
47                 20             4                       8
47                 25             3                       4
47                 37             1                       8
47                 46             4                       7
47                 50             2                       8
47                 59             3                       3
47                 60             1                       6
47                 88             3                       10
48                 29             0                       3
48                 50             1                       4
48                 63             2                       8
48                 66             0                       10
48                 86             2                       1
48                 91             4                       6
48                 92             3                       1
48                 94             3                       7
48                 98             4                       7
48                 99             3                       8
49                 7             0                       5
49                 20             4                       1
49                 30             3                       8
49                 33             2                       7
49                 35             4                       10
49                 36             0                       10
49                 37             3                       3
49                 42             3                       4
49                 52             0                       2
49                 76             3                       2
50                 7             1                       2
50                 24             4                       9
50                 28             4                       6
50                 39             3                       4
50                 56             0                       1
50                 65             2                       8
50                 69             0                       1
50                 80             4                       8
50                 85             0                       8
50                 86             4                       2
51                 8             4                       10
51                 27             4                       5
51                 28             3                       9
51                 36             1                       9
51                 53             1                       3
51                 55             1                       3
51                 67             0                       4
51                 79             3                       4
51                 80             3                       7
51                 82             4                       2
52                 6             0                       1
52                 40             4                       1
52                 48             2                       9
52                 49             3                       10
52                 58             4                       9
52                 69             3                       8
52                 77             3                       9
52                 87             1                       4
52                 92             2                       4
52                 94             2                       10
53                 17             4                       9
53                 27             0                       1
53                 31             2                       5
53                 39             0                       3
53                 46             2                       5
53                 77             3                       10
53                 79             0                       1
53                 80             1                       2
53                 82             0                       3
53                 86             0                       9
54                 13             2                       10
54                 50             2                       10
54                 63             4                       5
54                 75             4                       9
54                 79             1                       2
54                 91             2                       5
54                 95             4                       6
54                 97             3                       7
54                 99             2                       9
54                 100             3                       2
55                 2             2                       1
55                 14             0                       3
55                 19             3                       6
55                 26             4                       10
55                 64             1                       3
55                 71             2                       3
55                 81             1                       6
55                 83             3                       9
55                 87             1                       2
55                 90             4                       10
56                 1             0                       1
56                 7             4                       3
56                 59             4                       6
56                 66             4                       2
56                 67             3                       8
56                 68             4                       3
56                 69             3                       4
56                 74             1                       7
56                 75             3                       5
56                 77             4                       7
57                 2             4                       7
57                 15             1                       9
57                 24             3                       7
57                 33             1                       4
57                 52             1                       5
57                 55             1                       4
57                 59             0                       1
57                 60             0                       2
57                 61             1                       8
57                 64             4                       6
58                 14             0                       4
58                 17             3                       3
58                 22             4                       7
58                 23             1                       4
58                 32             0                       6
58                 43             1                       2
58                 47             4                       6
58                 60             4                       10
58                 61             2                       6
58                 65             1                       9
59                 2             2                       8
59                 24             4                       10
59                 32             2                       9
59                 38             1                       4
59                 48             3                       6
59                 52             3                       6
59                 60             1                       3
59                 64             4                       8
59                 70             2                       6
59                 71             4                       9
60                 18             1                       5
60                 19             2                       7
60                 30             1                       3
60                 43             1                       3
60                 49             4                       1
60                 50             1                       2
60                 56             3                       7
60                 59             4                       9
60                 62             4                       10
60                 72             4                       2
61                 12             2                       9
61                 27             2                       9
61                 35             0                       3
61                 41             0                       5
61                 45             2                       4
61                 80             3                       9
61                 85             0                       5
61                 87             2                       6
61                 90             0                       6
61                 93             3                       8
62                 3             4                       9
62                 4             2                       6
62                 21             4                       6
62                 44             0                       4
62                 54             4                       5
62                 61             0                       2
62                 62             0                       9
62                 72             2                       6
62                 80             1                       3
62                 85             2                       3
63                 1             2                       2
63                 10             3                       1
63                 14             0                       9
63                 21             2                       7
63                 42             3                       9
63                 55             2                       7
63                 58             0                       3
63                 75             3                       1
63                 89             1                       6
63                 96             0                       1
64                 7             3                       6
64                 11             0                       3
64                 19             3                       8
64                 23             2                       9
64                 28             3                       7
64                 42             1                       1
64                 48             3                       7
64                 56             1                       4
64                 64             3                       9
64                 69             3                       2
65                 9             3                       5
65                 10             3                       2
65                 19             3                       9
65                 24             0                       8
65                 44             3                       10
65                 54             3                       7
65                 62             1                       6
65                 78             0                       2
65                 85             0                       4
65                 86             0                       5
66                 1             1                       4
66                 2             1                       3
66                 10             0                       7
66                 20             2                       9
66                 24             0                       4
66                 28             1                       3
66                 45             4                       6
66                 51             1                       2
66                 58             3                       5
66                 60             3                       8
67                 2             2                       9
67                 19             1                       2
67                 46             4                       9
67                 57             1                       5
67                 61             3                       9
67                 89             4                       10
67                 92             1                       3
67                 93             0                       2
67                 95             3                       9
67                 98             1                       1
68                 3             0                       10
68                 10             3                       8
68                 12             2                       5
68                 15             3                       5
68                 25             3                       8
68                 31             0                       6
68                 32             3                       3
68                 64             0                       1
68                 70             0                       7
68                 73             4                       6
69                 21             4                       9
69                 22             0                       8
69                 53             3                       10
69                 58             4                       10
69                 59             1                       7
69                 77             2                       4
69                 84             1                       5
69                 88             0                       3
69                 94             1                       4
69                 95             4                       10
70                 34             1                       5
70                 36             0                       2
70                 60             0                       9
70                 77             2                       5
70                 85             1                       6
70                 87             4                       5
70                 88             0                       7
70                 91             3                       9
70                 93             4                       5
70                 97             1                       8
71                 14             1                       6
71                 23             2                       8
71                 28             0                       4
71                 37             3                       4
71                 68             3                       8
71                 73             2                       7
71                 76             3                       8
71                 83             2                       10
71                 95             1                       2
71                 96             1                       2
72                 3             0                       5
72                 22             4                       9
72                 31             2                       7
72                 34             1                       6
72                 37             2                       5
72                 69             0                       3
72                 86             3                       7
72                 91             3                       7
72                 92             0                       2
72                 97             0                       1
73                 1             0                       3
73                 2             1                       4
73                 13             1                       5
73                 17             1                       10
73                 24             3                       5
73                 26             3                       7
73                 32             3                       7
73                 54             1                       4
73                 64             2                       4
73                 66             3                       3
74                 8             3                       8
74                 25             3                       1
74                 28             1                       5
74                 32             0                       4
74                 40             2                       4
74                 41             1                       2
74                 47             4                       7
74                 56             3                       5
74                 65             2                       4
74                 80             1                       4
75                 2             0                       2
75                 40             4                       10
75                 86             2                       6
75                 93             3                       9
75                 95             4                       3
75                 96             2                       3
75                 97             3                       4
75                 98             4                       9
75                 99             1                       2
75                 100             2                       3
76                 7             3                       7
76                 20             1                       10
76                 35             3                       8
76                 76             2                       9
76                 77             1                       2
76                 78             0                       3
76                 81             2                       2
76                 90             2                       3
76                 96             0                       5
76                 98             0                       2
77                 11             3                       5
77                 19             0                       10
77                 21             3                       10
77                 41             3                       7
77                 46             1                       1
77                 47             1                       1
77                 55             3                       5
77                 57             1                       8
77                 99             4                       10
77                 100             3                       8
78                 9             2                       6
78                 13             0                       1
78                 17             2                       4
78                 32             4                       10
78                 34             4                       7
78                 59             3                       10
78                 65             0                       1
78                 71             1                       8
78                 73             3                       1
78                 77             1                       3
79                 38             1                       7
79                 42             2                       5
79                 63             1                       2
79                 66             3                       7
79                 94             1                       5
79                 96             0                       4
79                 97             3                       2
79                 98             1                       4
79                 99             4                       5
79                 100             2                       5
80                 11             2                       6
80                 12             2                       6
80                 29             0                       4
80                 31             0                       10
80                 43             3                       8
80                 51             0                       7
80                 74             4                       10
80                 91             1                       2
80                 94             0                       2
80                 100             1                       6
81                 1             2                       5
81                 5             2                       4
81                 9             2                       10
81                 29             2                       6
81                 33             2                       8
81                 36             0                       3
81                 42             2                       10
81                 70             1                       8
81                 74             3                       8
81                 76             3                       10
82                 48             4                       10
82                 57             0                       9
82                 61             4                       10
82                 76             1                       4
82                 83             2                       5
82                 84             0                       3
82                 87             2                       7
82                 88             0                       4
82                 93             0                       3
82                 96             2                       9
83                 18             1                       10
83                 20             1                       3
83                 23             1                       2
83                 28             2                       10
83                 33             1                       5
83                 39             2                       7
83                 66             1                       4
83                 75             2                       2
83                 78             3                       7
83                 79             3                       10
84                 7             4                       10
84                 10             0                       9
84                 11             4                       10
84                 13             0                       2
84                 49             1                       2
84                 51             4                       10
84                 63             1                       6
84                 64             3                       10
84                 72             2                       7
84                 73             1                       3
85                 6             4                       6
85                 8             2                       4
85                 16             1                       3
85                 19             0                       3
85                 23             4                       10
85                 36             3                       5
85                 43             1                       7
85                 46             1                       2
85                 54             0                       3
85                 64             3                       7
86                 17             2                       5
86                 39             1                       5
86                 45             3                       10
86                 53             2                       5
86                 55             0                       10
86                 72             3                       8
86                 89             2                       5
86                 90             4                       4
86                 97             4                       10
86                 98             4                       10
87                 13             2                       3
87                 55             2                       8
87                 63             4                       9
87                 83             3                       6
87                 85             1                       7
87                 90             3                       7
87                 92             4                       8
87                 98             0                       5
87                 99             1                       3
87                 100             1                       9
88                 18             0                       6
88                 23             0                       5
88                 25             0                       2
88                 37             4                       6
88                 44             1                       5
88                 47             4                       10
88                 63             1                       3
88                 66             3                       8
88                 68             3                       4
88                 70             4                       10
89                 9             3                       7
89                 11             0                       4
89                 17             1                       6
89                 20             3                       5
89                 28             4                       8
89                 41             4                       3
89                 70             3                       9
89                 78             0                       4
89                 80             3                       10
89                 83             1                       1
90                 10             3                       3
90                 25             3                       9
90                 38             3                       9
90                 86             3                       8
90                 89             3                       7
90                 90             0                       8
90                 95             1                       4
90                 98             1                       6
90                 99             1                       7
90                 100             3                       10
91                 4             1                       4
91                 5             1                       2
91                 27             2                       6
91                 29             0                       9
91                 41             3                       8
91                 43             3                       9
91                 44             2                       7
91                 45             3                       7
91                 51             1                       3
91                 60             3                       4
92                 2             2                       10
92                 8             2                       5
92                 23             1                       6
92                 26             2                       8
92                 29             2                       7
92                 52             1                       3
92                 54             0                       10
92                 62             0                       3
92                 65             1                       5
92                 74             3                       9
93                 1             3                       10
93                 3             2                       6
93                 10             3                       10
93                 12             3                       7
93                 22             2                       3
93                 57             0                       2
93                 81             3                       8
93                 82             0                       10
93                 86             4                       10
93                 87             4                       8
94                 12             0                       2
94                 21             2                       4
94                 42             2                       6
94                 54             2                       6
94                 59             3                       8
94                 71             3                       10
94                 75             4                       10
94                 76             1                       5
94                 86             2                       3
94                 89             3                       8
95                 14             2                       10
95                 19             3                       5
95                 43             0                       10
95                 45             4                       1
95                 63             4                       10
95                 81             1                       3
95                 90             2                       5
95                 91             4                       10
95                 96             1                       6
95                 99             1                       4
96                 4             1                       8
96                 9             3                       8
96                 10             1                       4
96                 41             3                       9
96                 42             2                       7
96                 79             2                       5
96                 82             0                       4
96                 89             0                       9
96                 97             0                       3
96                 100             3                       4
97                 5             4                       10
97                 17             2                       7
97                 34             3                       8
97                 53             4                       1
97                 56             0                       2
97                 63             2                       7
97                 68             0                       1
97                 78             2                       5
97                 79             2                       6
97                 85             2                       9
98                 15             1                       3
98                 22             4                       10
98                 28             0                       2
98                 29             2                       8
98                 33             3                       2
98                 36             2                       4
98                 37             4                       10
98                 49             1                       3
98                 50             1                       5
98                 52             4                       10
99                 4             2                       10
99                 6             2                       4
99                 9             4                       4
99                 15             2                       6
99                 27             4                       10
99                 30             0                       4
99                 33             0                       6
99                 46             3                       10
99                 58             0                       6
99                 67             3                       9
100                 6             2                       5
100                 34             0                       3
100                 49             3                       6
100                 59             1                       4
100                 68             4                       10
100                 75             1                       3
100                 81             1                       4
100                 82             1                       6
100                 83             3                       7
100                 89             0                       3