14
1                 7             4                       7
1                 9             3                       1
1                 17             3                       1
1                 37             0                       3
1                 41             1                       7
1                 49             3                       7
1                 55             2                       2
1                 56             4                       1
1                 57             0                       4
1                 59             1                       9
2                 3             1                       4
2                 4             3                       2
2                 9             4                       2
2                 12             2                       3
2                 46             3                       7
2                 47             2                       5
2                 48             1                       4
2                 52             2                       1
2                 65             0                       5
2                 76             3                       1
3                 13             0                       9
3                 16             2                       1
3                 19             1                       9
3                 29             1                       7
3                 49             0                       8
3                 53             0                       5
3                 63             1                       1
3                 72             4                       7
3                 78             4                       3
3                 79             3                       9
4                 5             3                       3
4                 8             1                       8
4                 13             4                       1
4                 38             2                       3
4                 40             4                       4
4                 53             1                       1
4                 68             1                       1
4                 69             0                       1
4                 78             3                       9
4                 82             4                       2
5                 31             1                       8
5                 34             2                       1
5                 39             3                       1
5                 44             4                       6
5                 47             4                       1
5                 53             1                       2
5                 60             2                       1
5                 64             3                       7
5                 66             1                       6
5                 72             2                       1
6                 17             3                       2
6                 23             3                       10
6                 44             1                       7
6                 63             4                       2
6                 73             4                       5
6                 75             4                       5
6                 77             4                       7
6                 82             1                       4
6                 93             3                       5
6                 99             2                       5
7                 26             0                       7
7                 28             3                       8
7                 33             4                       5
7                 50             2                       1
7                 56             1                       9
7                 79             4                       7
7                 90             0                       5
7                 92             0                       7
7                 96             3                       2
7                 97             3                       7
8                 5             2                       8
8                 14             0                       4
8                 15             2                       6
8                 36             1                       1
8                 56             0                       10
8                 64             0                       5
8                 65             1                       9
8                 68             1                       8
8                 72             0                       8
8                 76             4                       6
9                 5             4                       9
9                 9             4                       4
9                 24             1                       1
9                 50             1                       4
9                 51             4                       2
9                 57             3                       1
9                 74             4                       1
9                 86             4                       1
9                 88             3                       2
9                 90             3                       3
10                 23             3                       1
10                 26             1                       1
10                 62             0                       1
10                 77             1                       8
10                 81             0                       1
10                 92             1                       9
10                 94             2                       8
10                 98             0                       5
10                 99             1                       6
10                 100             1                       2
11                 12             4                       4
11                 36             1                       2
11                 37             3                       9
11                 49             2                       9
11                 62             2                       2
11                 74             1                       9
11                 81             3                       2
11                 83             4                       1
11                 88             1                       1
11                 90             3                       1
12                 1             3                       9
12                 14             2                       7
12                 16             2                       2
12                 17             1                       7
12                 29             3                       1
12                 51             0                       5
12                 61             0                       2
12                 73             2                       9
12                 91             2                       1
12                 94             1                       3
13                 1             2                       5
13                 10             0                       6
13                 11             0                       2
13                 18             2                       1
13                 34             4                       3
13                 45             1                       8
13                 59             0                       10
13                 61             3                       3
13                 62             0                       7
13                 68             3                       2
14                 13             2                       2
14                 21             1                       1
14                 22             1                       1
14                 39             0                       4
14                 42             4                       8
14                 57             0                       7
14                 69             0                       7
14                 86             2                       2
14                 88             2                       4
14                 89             0                       6
15                 2             1                       7
15                 5             2                       6
15                 31             2                       10
15                 43             1                       1
15                 58             1                       9
15                 68             0                       3
15                 91             4                       2
15                 93             1                       6
15                 95             4                       1
15                 96             3                       9
16                 1             3                       6
16                 8             1                       1
16                 19             2                       1
16                 24             0                       9
16                 41             4                       4
16                 42             3                       9
16                 55             3                       6
16                 67             4                       1
16                 77             0                       9
16                 80             1                       9
17                 11             1                       1
17                 15             2                       7
17                 16             1                       5
17                 26             3                       3
17                 34             3                       6
17                 44             1                       8
17                 46             4                       4
17                 69             3                       2
17                 85             3                       7
17                 89             1                       8
18                 6             1                       1
18                 17             2                       5
18                 19             0                       10
18                 23             2                       3
18                 51             1                       9
18                 62             0                       9
18                 71             1                       9
18                 81             0                       10
18                 82             3                       7
18                 89             2                       9
19                 24             3                       2
19                 25             2                       4
19                 28             4                       4
19                 34             1                       4
19                 41             2                       8
19                 42             1                       10
19                 67             3                       2
19                 78             3                       5
19                 80             4                       1
19                 87             3                       2
20                 3             0                       2
20                 9             0                       9
20                 15             0                       8
20                 19             3                       7
20                 25             2                       8
20                 27             0                       9
20                 30             2                       9
20                 33             4                       6
20                 36             0                       3
20                 44             1                       2
21                 2             3                       1
21                 7             2                       9
21                 17             3                       4
21                 24             3                       3
21                 32             1                       7
21                 43             4                       3
21                 44             0                       1
21                 45             2                       5
21                 54             2                       1
21                 56             0                       2
22                 4             1                       6
22                 18             4                       4
22                 21             1                       8
22                 22             4                       7
22                 30             3                       4
22                 55             0                       3
22                 58             0                       4
22                 64             0                       9
22                 65             3                       3
22                 70             0                       7
23                 5             1                       10
23                 21             3                       3
23                 41             3                       1
23                 51             2                       3
23                 57             4                       10
23                 64             0                       1
23                 78             1                       6
23                 83             0                       7
23                 84             1                       7
23                 88             1                       7
24                 5             2                       4
24                 6             3                       6
24                 18             2                       2
24                 29             1                       8
24                 34             4                       7
24                 35             4                       5
24                 41             3                       5
24                 53             0                       8
24                 55             1                       4
24                 64             3                       2
25                 14             3                       10
25                 16             4                       6
25                 18             1                       5
25                 20             0                       10
25                 28             4                       5
25                 30             2                       2
25                 53             4                       10
25                 62             0                       10
25                 73             2                       1
25                 82             4                       8
26                 20             3                       1
26                 25             3                       5
26                 26             3                       9
26                 36             4                       5
26                 38             2                       8
26                 60             0                       10
26                 66             0                       4
26                 79             1                       10
26                 84             3                       10
26                 85             3                       2
27                 2             1                       5
27                 6             0                       8
27                 19             0                       5
27                 23             2                       4
27                 32             3                       3
27                 44             3                       9
27                 69             1                       3
27                 70             3                       3
27                 76             4                       2
27                 83             3                       2
28                 6             2                       9
28                 12             3                       1
28                 32             4                       1
28                 38             2                       10
28                 45             0                       10
28                 67             3                       3
28                 90             3                       4
28                 93             3                       3
28                 97             0                       10
28                 98             1                       1
29                 5             0                       1
29                 10             3                       1
29                 16             2                       7
29                 24             0                       4
29                 90             2                       6
29                 95             0                       10
29                 97             0                       1
29                 98             2                       2
29                 99             3                       1
29                 100             1                       3
30                 3             4                       7
30                 16             1                       3
30                 22             0                       8
30                 39             4                       7
30                 40             2                       9
30                 41             0                       6
30                 53             1                       6
30                 59             4                       5
30                 62             0                       3
30                 68             4                       6
31                 4             2                       7
31                 53             0                       3
31                 58             4                       5
31                 66             4                       8
31                 68             4                       9
31                 69             0                       10
31                 78             3                       2
31                 86             1                       9
31                 90             4                       9
31                 93             3                       1
32                 12             0                       2
32                 32             0                       9
32                 39             4                       5
32                 54             0                       5
32                 63             0                       4
32                 66             4                       9
32                 84             1                       1
32                 87             1                       7
32                 91             0                       8
32                 98             0                       8
33                 2             4                       8
33                 14             0                       1
33                 15             4                       9
33                 20             0                       5
33                 27             3                       4
33                 31             4                       5
33                 37             3                       1
33                 38             4                       5
33                 52             3                       4
33                 55             1                       7
34                 2             4                       2
34                 9             2                       10
34                 12             1                       5
34                 39             4                       8
34                 63             0                       7
34                 71             3                       10
34                 72             4                       9
34                 78             4                       7
34                 82             1                       9
34                 85             3                       1
35                 9             3                       7
35                 11             3                       3
35                 25             3                       6
35                 42             1                       1
35                 52             2                       5
35                 54             0                       6
35                 55             4                       9
35                 57             3                       2
35                 63             1                       8
35                 67             1                       5
36                 8             1                       2
36                 15             4                       4
36                 29             4                       10
36                 32             1                       10
36                 40             2                       2
36                 46             3                       8
36                 57             1                       3
36                 63             0                       3
36                 75             2                       7
36                 76             0                       3
37                 3             1                       1
37                 7             1                       1
37                 12             0                       6
37                 23             4                       8
37                 29             1                       2
37                 38             1                       6
37                 46             0                       1
37                 47             0                       10
37                 48             4                       1
37                 50             2                       8
38                 1             3                       1
38                 15             0                       1
38                 31             0                       6
38                 32             4                       4
38                 38             0                       1
38                 46             2                       3
38                 84             0                       2
38                 85             4                       3
38                 87             2                       4
38                 89             4                       5
39                 10             3                       10
39                 20             2                       6
39                 38             1                       4
39                 41             4                       9
39                 43             3                       2
39                 47             0                       8
39                 49             4                       3
39                 59             0                       7
39                 60             0                       8
39                 66             2                       7
40                 3             4                       8
40                 9             2                       5
40                 11             3                       4
40                 19             4                       2
40                 35             1                       6
40                 49             4                       10
40                 52             2                       6
40                 61             2                       6
40                 65             2                       4
40                 72             3                       2
41                 1             0                       7
41                 18             1                       6
41                 39             1                       9
41                 73             1                       10
41                 89             3                       7
41                 92             2                       1
41                 96             4                       5
41                 98             4                       6
41                 99             0                       8
41                 100             0                       4
42                 4             4                       3
42                 17             2                       6
42                 21             3                       4
42                 22             3                       2
42                 28             3                       9
42                 30             1                       5
42                 44             4                       3
42                 45             0                       1
42                 48             3                       2
42                 50             4                       9
43                 3             4                       9
43                 7             1                       4
43                 14             1                       3
43                 31             3                       9
43                 43             4                       8
43                 49             2                       4
43                 57             3                       8
43                 71             4                       8
43                 73             4                       7
43                 75             1                       1
44                 2             0                       6
44                 6             3                       2
44                 9             1                       3
44                 12             1                       10
44                 17             0                       8
44                 20             3                       4
44                 45             0                       2
44                 72             2                       4
44                 78             3                       8
44                 83             0                       8
45                 23             0                       9
45                 35             0                       3
45                 56             0                       5
45                 71             2                       2
45                 84             2                       8
45                 92             3                       4
45                 95             3                       2
45                 96             3                       4
45                 98             1                       7
45                 99             3                       2
46                 13             4                       3
46                 29             2                       5
46                 33             2                       8
46                 46             4                       9
46                 58             2                       10
46                 67             0                       8
46                 77             4                       4
46                 78             2                       4
46                 79             1                       3
46                 88             2                       8
47                 7             4                       5
47                 10             1                       7
47                 23             0                       5
47                 27             4                       1
47                 28             2                       2
47                 31             2                       1
47                 36             3                       8
47                 40             3                       1
47                 71             4                       3
47                 74             4                       2
48                 1             0                       2
48                 12             3                       7
48                 14             2                       5
48                 15             4                       2
48                 22             0                       6
48                 32             3                       8
48                 58             3                       7
48                 61             3                       7
48                 67             1                       6
48                 78             0                       1
49                 55             1                       1
49                 56             1                       3
49                 59             0                       1
49                 60             0                       2
49                 77             2                       10
49                 80             1                       10
49                 84             4                       9
49                 87             3                       3
49                 92             1                       5
49                 93             4                       9
50                 4             1                       4
50                 8             3                       3
50                 26             1                       4
50                 29             3                       3
50                 40             1                       3
50                 48             1                       9
50                 79             0                       4
50                 80             3                       6
50                 86             3                       3
50                 91             1                       9
51                 10             3                       8
51                 11             1                       7
51                 18             3                       8
51                 19             2                       6
51                 25             2                       9
51                 33             1                       1
51                 34             2                       5
51                 35             2                       9
51                 51             1                       6
51                 65             2                       1
52                 1             3                       4
52                 4             3                       5
52                 10             1                       2
52                 24             0                       7
52                 25             0                       1
52                 26             2                       2
52                 37             3                       5
52                 49             2                       5
52                 54             2                       2
52                 55             1                       5
53                 3             2                       3
53                 13             1                       4
53                 19             4                       4
53                 28             4                       6
53                 52             4                       7
53                 65             2                       6
53                 73             1                       6
53                 77             3                       6
53                 95             1                       5
53                 96             0                       1
54                 26             1                       10
54                 29             2                       6
54                 36             3                       6
54                 40             4                       10
54                 55             4                       10
54                 73             0                       8
54                 84             1                       3
54                 85             3                       4
54                 91             0                       6
54                 93             4                       10
55                 4             4                       8
55                 11             1                       8
55                 19             0                       3
55                 27             3                       7
55                 33             0                       2
55                 43             0                       7
55                 48             2                       5
55                 49             4                       1
55                 51             2                       7
55                 70             3                       4
56                 3             2                       5
56                 11             2                       6
56                 12             3                       8
56                 14             3                       6
56                 17             0                       9
56                 42             4                       3
56                 60             0                       3
56                 61             3                       4
56                 63             4                       9
56                 70             1                       5
57                 8             3                       4
57                 18             2                       7
57                 43             4                       9
57                 56             1                       6
57                 57             0                       9
57                 71             0                       1
57                 85             0                       5
57                 86             4                       10
57                 90             4                       10
57                 94             2                       9
58                 6             0                       4
58                 30             3                       1
58                 38             0                       2
58                 66             3                       10
58                 74             1                       3
58                 84             0                       4
58                 86             2                       4
58                 92             0                       6
58                 97             3                       2
58                 98             4                       9
59                 11             3                       9
59                 16             0                       8
59                 17             0                       3
59                 44             4                       10
59                 46             4                       5
59                 64             2                       10
59                 65             0                       2
59                 67             4                       9
59                 73             0                       2
59                 88             3                       5
60                 11             4                       10
60                 22             3                       9
60                 25             0                       2
60                 47             1                       9
60                 48             2                       6
60                 54             0                       7
60                 55             2                       8
60                 81             4                       3
60                 83             4                       3
60                 84             1                       5
61                 7             0                       6
61                 15             1                       3
61                 22             0                       3
61                 26             0                       5
61                 32             0                       2
61                 50             4                       5
61                 58             2                       6
61                 74             1                       10
61                 77             2                       5
61                 91             4                       3
62                 8             3                       9
62                 18             4                       9
62                 54             2                       8
62                 56             4                       7
62                 61             3                       8
62                 64             1                       3
62                 65             2                       7
62                 68             1                       4
62                 72             3                       10
62                 83             0                       5
63                 1             4                       8
63                 14             2                       2
63                 18             1                       3
63                 20             3                       7
63                 27             0                       10
63                 80             1                       7
63                 81             2                       4
63                 87             2                       1
63                 91             4                       10
63                 94             3                       6
64                 14             3                       8
64                 18             2                       10
64                 39             3                       10
64                 42             1                       4
64                 56             1                       8
64                 66             1                       1
64                 70             0                       1
64                 75             3                       6
64                 80             3                       8
64                 87             1                       8
65                 47             0                       2
65                 49             4                       6
65                 52             1                       2
65                 60             0                       4
65                 75             0                       3
65                 82             3                       10
65                 92             1                       2
65                 95             0                       9
65                 96             3                       6
65                 100             3                       5
66                 25             0                       3
66                 28             3                       10
66                 39             3                       6
66                 47             0                       3
66                 57             1                       5
66                 71             2                       5
66                 76             0                       7
66                 81             3                       7
66                 97             0                       3
66                 100             1                       1
67                 2             3                       3
67                 24             1                       8
67                 30             0                       10
67                 35             2                       7
67                 51             4                       10
67                 60             0                       9
67                 67             1                       4
67                 69             0                       4
67                 72             0                       5
67                 83             3                       6
68                 7             0                       2
68                 13             3                       6
68                 35             2                       4
68                 45             4                       3
68                 47             2                       4
68                 49             0                       2
68                 64             0                       4
68                 70             1                       8
68                 90             0                       2
68                 97             0                       8
69                 12             3                       9
69                 21             1                       5
69                 46             1                       2
69                 53             3                       4
69                 62             4                       4
69                 75             4                       8
69                 82             2                       3
69                 87             0                       5
69                 90             3                       7
69                 95             0                       6
70                 16             1                       4
70                 24             0                       10
70                 25             1                       7
70                 38             3                       7
70                 63             3                       6
70                 67             4                       10
70                 74             2                       4
70                 75             4                       4
70                 83             4                       9
70                 96             2                       7
71                 7             1                       10
71                 22             3                       10
71                 37             0                       6
71                 51             2                       8
71                 59             0                       2
71                 61             1                       9
71                 62             4                       5
71                 69             1                       5
71                 76             0                       9
71                 79             2                       6
72                 2             4                       9
72                 13             2                       5
72                 37             4                       10
72                 45             0                       4
72                 48             2                       7
72                 50             2                       6
72                 53             3                       9
72                 54             2                       9
72                 59             1                       6
72                 71             1                       6
73                 6             1                       5
73                 19             3                       8
73                 36             4                       9
73                 63             4                       5
73                 85             4                       8
73                 95             1                       3
73                 96             1                       3
73                 97             1                       6
73                 99             0                       3
73                 100             1                       6
74                 23             2                       2
74                 27             2                       5
74                 34             4                       8
74                 56             0                       4
74                 80             2                       5
74                 83             2                       4
74                 85             2                       6
74                 92             2                       8
74                 93             0                       7
74                 94             4                       10
75                 3             3                       10
75                 4             4                       9
75                 8             0                       5
75                 26             2                       8
75                 32             2                       6
75                 36             4                       10
75                 39             2                       3
75                 47             1                       6
75                 48             2                       8
75                 52             1                       3
76                 23             2                       6
76                 39             4                       2
76                 65             1                       8
76                 68             2                       10
76                 75             0                       2
76                 79             0                       1
76                 81             0                       8
76                 89             4                       3
76                 91             1                       4
76                 97             0                       4
77                 4             1                       10
77                 32             1                       5
77                 58             3                       8
77                 59             2                       3
77                 68             2                       7
77                 70             2                       2
77                 94             4                       4
77                 95             0                       4
77                 99             0                       4
77                 100             2                       7
78                 8             1                       10
78                 13             2                       10
78                 20             0                       2
78                 37             2                       4
78                 43             2                       6
78                 44             1                       4
78                 59             4                       4
78                 75             3                       9
78                 87             2                       6
78                 91             1                       5
79                 5             3                       7
79                 14             4                       9
79                 28             3                       7
79                 38             3                       9
79                 44             4                       5
79                 88             0                       3
79                 97             2                       9
79                 98             0                       3
79                 99             2                       7
79                 100             1                       9
80                 6             3                       10
80                 21             0                       6
80                 33             0                       4
80                 34             3                       9
80                 35             4                       10
80                 40             3                       6
80                 41             4                       3
80                 43             1                       4
80                 58             0                       1
80                 65             4                       10
81                 9             0                       8
81                 10             1                       3
81                 24             0                       5
81                 45             3                       6
81                 54             2                       3
81                 70             3                       9
81                 71             1                       4
81                 75             4                       10
81                 92             0                       3
81                 93             1                       4
82                 21             1                       7
82                 35             1                       1
82                 48             1                       10
82                 53             0                       7
82                 74             3                       8
82                 80             4                       2
82                 81             0                       6
82                 89             4                       10
82                 93             2                       8
82                 94             4                       5
83                 7             0                       3
83                 8             1                       6
83                 9             2                       6
83                 15             4                       10
83                 36             0                       4
83                 46             4                       6
83                 52             2                       9
83                 66             2                       5
83                 69             2                       9
83                 77             4                       3
84                 13             3                       7
84                 24             0                       6
84                 27             4                       2
84                 30             2                       6
84                 33             2                       9
84                 36             3                       7
84                 51             1                       4
84                 64             2                       8
84                 66             0                       2
84                 70             1                       6
85                 3             2                       6
85                 10             4                       9
85                 28             2                       3
85                 35             0                       2
85                 37             3                       7
85                 47             1                       7
85                 50             1                       7
85                 52             1                       8
85                 73             0                       3
85                 76             3                       10
86                 1             4                       10
86                 7             2                       8
86                 8             2                       7
86                 10             3                       4
86                 22             0                       4
86                 50             4                       10
86                 52             2                       10
86                 72             1                       3
86                 77             0                       1
86                 89             3                       1
87                 29             1                       9
87                 40             3                       7
87                 51             2                       1
87                 61             4                       10
87                 77             4                       2
87                 80             3                       3
87                 94             2                       2
87                 97             4                       5
87                 99             0                       9
87                 100             1                       8
88                 5             4                       5
88                 6             0                       3
88                 21             1                       9
88                 31             2                       7
88                 33             3                       7
88                 76             3                       8
88                 83             4                       10
88                 88             3                       9
88                 91             2                       7
88                 93             0                       2
89                 2             1                       4
89                 11             1                       5
89                 16             3                       9
89                 23             2                       7
89                 30             2                       7
89                 34             1                       2
89                 41             0                       2
89                 76             1                       5
89                 87             4                       9
89                 88             4                       10
90                 43             0                       5
90                 62             0                       6
90                 64             1                       6
90                 68             1                       5
90                 79             1                       2
90                 89             1                       4
90                 90             2                       8
90                 94             0                       1
90                 95             2                       7
90                 98             0                       4
91                 13             3                       8
91                 16             2                       10
91                 33             4                       10
91                 60             0                       5
91                 63             4                       10
91                 66             0                       3
91                 70             1                       10
91                 74             1                       6
91                 85             4                       9
91                 87             4                       10
92                 43             1                       10
92                 60             4                       6
92                 62             2                       8
92                 71             2                       7
92                 72             2                       6
92                 74             1                       5
92                 78             2                       10
92                 86             2                       7
92                 94             3                       7
92                 96             4                       10
93                 5             4                       2
93                 6             2                       7
93                 27             0                       3
93                 28             0                       1
93                 37             2                       2
93                 69             0                       8
93                 81             3                       9
93                 84             2                       6
93                 85             4                       10
93                 86             3                       8
94                 4             0                       1
94                 40             0                       8
94                 42             0                       2
94                 45             1                       7
94                 48             2                       3
94                 54             2                       10
94                 57             2                       6
94                 79             3                       8
94                 86             1                       5
94                 88             2                       6
95                 26             1                       6
95                 29             3                       4
95                 30             1                       3
95                 31             0                       2
95                 35             3                       8
95                 37             4                       8
95                 40             1                       5
95                 46             3                       10
95                 58             2                       2
95                 61             2                       5
96                 10             1                       5
96                 20             3                       8
96                 21             4                       10
96                 33             0                       3
96                 74             2                       7
96                 81             0                       5
96                 82             2                       5
96                 89             0                       2
96                 95             2                       8
96                 96             1                       8
97                 21             0                       2
97                 30             2                       8
97                 41             4                       10
97                 42             2                       6
97                 61             1                       1
97                 73             0                       4
97                 92             4                       10
97                 98             1                       10
97                 99             4                       10
97                 100             1                       10
98                 15             4                       5
98                 20             4                       3
98                 25             4                       10
98                 31             1                       3
98                 45             3                       9
98                 54             1                       4
98                 69             0                       6
98                 76             0                       4
98                 80             1                       4
98                 82             0                       1
99                 2             4                       10
99                 22             0                       5
99                 27             2                       8
99                 31             3                       4
99                 34             2                       10
99                 42             0                       5
99                 50             2                       2
99                 58             4                       3
99                 67             3                       7
99                 79             4                       5
100                 1             1                       3
100                 17             4                       10
100                 20             3                       9
100                 27             2                       6
100                 42             2                       7
100                 50             1                       3
100                 59             2                       8
100                 60             2                       7
100                 82             2                       6
100                 86             2                       6