14
1                 13             2                       2
1                 14             1                       3
1                 23             0                       9
1                 28             1                       8
1                 33             3                       3
1                 68             4                       3
1                 74             2                       7
1                 77             0                       4
1                 80             3                       8
1                 83             1                       7
2                 1             4                       3
2                 11             0                       8
2                 25             3                       1
2                 26             4                       2
2                 40             3                       8
2                 44             1                       1
2                 51             0                       5
2                 60             3                       4
2                 65             4                       2
2                 76             3                       7
3                 22             4                       2
3                 28             1                       9
3                 33             2                       5
3                 39             0                       7
3                 41             2                       1
3                 42             2                       5
3                 54             1                       7
3                 61             3                       4
3                 81             3                       3
3                 82             2                       8
4                 9             4                       1
4                 16             4                       2
4                 38             1                       7
4                 41             1                       6
4                 45             0                       5
4                 54             3                       4
4                 64             1                       8
4                 66             3                       6
4                 72             0                       9
4                 76             4                       3
5                 8             3                       1
5                 31             1                       9
5                 43             0                       4
5                 50             4                       4
5                 68             1                       1
5                 72             0                       5
5                 80             4                       3
5                 96             1                       6
5                 98             3                       3
5                 100             1                       9
6                 2             0                       7
6                 4             4                       5
6                 15             0                       5
6                 25             0                       7
6                 34             2                       5
6                 51             0                       4
6                 57             0                       10
6                 69             1                       5
6                 70             0                       6
6                 75             0                       5
7                 16             0                       3
7                 47             2                       6
7                 58             1                       6
7                 65             4                       1
7                 75             3                       1
7                 79             2                       1
7                 88             1                       8
7                 90             0                       8
7                 92             0                       4
7                 95             3                       3
8                 16             1                       1
8                 22             1                       10
8                 53             0                       4
8                 65             2                       7
8                 77             1                       1
8                 78             0                       9
8                 79             1                       4
8                 86             0                       2
8                 88             4                       3
8                 91             0                       5
9                 1             3                       4
9                 13             4                       1
9                 15             3                       1
9                 22             0                       7
9                 62             0                       5
9                 66             0                       9
9                 73             1                       9
9                 74             1                       4
9                 96             4                       3
9                 98             1                       10
10                 6             2                       5
10                 9             1                       6
10                 23             0                       1
10                 26             1                       5
10                 27             0                       8
10                 49             0                       9
10                 51             1                       1
10                 70             2                       1
10                 75             2                       6
10                 78             4                       1
11                 21             0                       4
11                 25             3                       2
11                 35             2                       1
11                 44             2                       8
11                 60             2                       6
11                 61             0                       8
11                 71             4                       6
11                 89             0                       5
11                 94             1                       6
11                 95             4                       5
12                 2             3                       9
12                 9             1                       2
12                 14             1                       4
12                 29             3                       10
12                 48             3                       1
12                 63             2                       2
12                 66             4                       1
12                 67             0                       6
12                 70             0                       10
12                 83             4                       1
13                 5             0                       9
13                 11             0                       6
13                 15             0                       7
13                 20             0                       6
13                 23             0                       7
13                 46             2                       2
13                 52             4                       1
13                 57             1                       8
13                 65             1                       8
13                 72             1                       1
14                 2             4                       1
14                 10             2                       1
14                 26             2                       3
14                 30             3                       5
14                 31             4                       6
14                 36             1                       7
14                 39             2                       9
14                 49             2                       3
14                 62             0                       6
14                 79             3                       5
15                 11             4                       1
15                 15             4                       8
15                 40             4                       1
15                 54             4                       8
15                 70             0                       7
15                 71             0                       8
15                 76             3                       8
15                 83             3                       2
15                 87             0                       4
15                 90             3                       9
16                 9             2                       3
16                 12             2                       8
16                 14             2                       5
16                 21             3                       3
16                 27             3                       1
16                 31             2                       1
16                 40             3                       9
16                 46             3                       4
16                 48             2                       10
16                 51             4                       2
17                 1             3                       5
17                 17             2                       3
17                 20             2                       4
17                 29             4                       6
17                 30             2                       7
17                 42             1                       7
17                 43             1                       1
17                 53             3                       9
17                 66             0                       10
17                 71             1                       9
18                 5             0                       8
18                 18             4                       2
18                 24             0                       8
18                 36             2                       1
18                 51             0                       9
18                 71             0                       1
18                 80             4                       1
18                 81             2                       5
18                 84             3                       4
18                 95             4                       8
19                 12             4                       1
19                 27             4                       2
19                 28             2                       2
19                 32             2                       1
19                 38             1                       6
19                 50             1                       9
19                 62             0                       8
19                 67             1                       9
19                 78             1                       2
19                 80             2                       4
20                 10             4                       3
20                 36             4                       6
20                 63             2                       7
20                 77             2                       7
20                 85             1                       1
20                 91             1                       1
20                 94             1                       7
20                 96             1                       7
20                 98             3                       4
20                 99             0                       3
21                 20             3                       7
21                 26             1                       8
21                 39             3                       3
21                 42             2                       1
21                 70             0                       2
21                 71             4                       2
21                 72             1                       6
21                 74             3                       2
21                 88             4                       1
21                 90             0                       10
22                 17             1                       9
22                 33             0                       9
22                 53             3                       3
22                 56             4                       4
22                 70             4                       3
22                 72             4                       7
22                 76             4                       4
22                 84             3                       6
22                 91             4                       7
22                 96             4                       4
23                 6             4                       1
23                 10             2                       6
23                 22             1                       8
23                 24             1                       1
23                 31             0                       7
23                 67             4                       2
23                 75             2                       2
23                 81             4                       1
23                 90             2                       4
23                 92             0                       9
24                 14             2                       6
24                 16             2                       6
24                 31             2                       2
24                 36             0                       5
24                 48             3                       4
24                 68             0                       6
24                 78             4                       7
24                 79             4                       6
24                 85             0                       10
24                 88             2                       4
25                 5             0                       1
25                 8             3                       10
25                 28             3                       3
25                 33             4                       10
25                 52             3                       5
25                 53             3                       5
25                 56             0                       5
25                 63             4                       9
25                 71             2                       3
25                 87             0                       7
26                 17             3                       4
26                 38             4                       5
26                 42             2                       6
26                 60             3                       1
26                 75             2                       3
26                 82             3                       9
26                 83             0                       3
26                 89             2                       3
26                 94             1                       1
26                 97             2                       7
27                 9             1                       7
27                 17             0                       6
27                 20             1                       5
27                 48             2                       8
27                 67             3                       3
27                 74             2                       3
27                 93             1                       5
27                 94             1                       8
27                 96             4                       8
27                 97             1                       9
28                 16             2                       4
28                 41             0                       2
28                 44             3                       6
28                 47             4                       2
28                 60             3                       3
28                 80             3                       5
28                 87             2                       10
28                 91             2                       9
28                 95             1                       9
28                 97             0                       3
29                 3             3                       9
29                 9             2                       4
29                 14             4                       7
29                 19             3                       1
29                 24             0                       3
29                 30             0                       6
29                 72             0                       2
29                 85             0                       7
29                 95             2                       4
29                 96             4                       9
30                 7             4                       1
30                 20             2                       1
30                 24             2                       6
30                 32             3                       2
30                 35             2                       7
30                 45             1                       1
30                 50             1                       1
30                 65             3                       6
30                 69             3                       10
30                 83             0                       4
31                 7             0                       8
31                 17             2                       1
31                 20             2                       9
31                 21             3                       10
31                 28             1                       4
31                 35             3                       4
31                 38             4                       8
31                 45             0                       7
31                 51             3                       8
31                 55             3                       4
32                 5             3                       2
32                 6             4                       2
32                 7             1                       4
32                 22             3                       1
32                 23             4                       2
32                 35             1                       3
32                 43             4                       5
32                 66             4                       2
32                 73             0                       10
32                 92             0                       5
33                 46             2                       6
33                 47             0                       9
33                 56             3                       1
33                 57             0                       6
33                 58             3                       1
33                 79             4                       9
33                 92             4                       1
33                 93             1                       10
33                 97             3                       5
33                 100             0                       3
34                 4             2                       1
34                 22             1                       3
34                 27             4                       5
34                 29             3                       4
34                 33             3                       6
34                 37             2                       6
34                 43             1                       7
34                 44             2                       9
34                 57             0                       1
34                 59             3                       1
35                 2             4                       8
35                 24             2                       4
35                 25             1                       8
35                 39             3                       1
35                 57             0                       2
35                 62             1                       1
35                 81             1                       4
35                 88             4                       9
35                 91             4                       6
35                 100             3                       4
36                 4             3                       7
36                 16             2                       7
36                 21             2                       5
36                 23             2                       3
36                 33             3                       4
36                 37             2                       1
36                 46             4                       7
36                 53             4                       6
36                 58             2                       3
36                 86             3                       8
37                 4             2                       8
37                 7             3                       5
37                 18             1                       8
37                 22             3                       4
37                 34             4                       6
37                 40             0                       10
37                 54             1                       9
37                 73             3                       1
37                 74             4                       9
37                 90             4                       6
38                 1             1                       6
38                 11             4                       2
38                 17             0                       2
38                 30             4                       3
38                 35             4                       9
38                 40             4                       5
38                 45             2                       2
38                 53             0                       1
38                 55             3                       1
38                 58             3                       4
39                 14             2                       1
39                 28             2                       6
39                 29             0                       7
39                 32             0                       7
39                 42             3                       10
39                 61             4                       5
39                 66             2                       8
39                 77             3                       5
39                 79             3                       7
39                 92             1                       2
40                 6             0                       8
40                 19             1                       5
40                 31             0                       3
40                 32             4                       4
40                 50             0                       5
40                 51             2                       6
40                 63             4                       3
40                 65             1                       3
40                 72             4                       3
40                 85             2                       8
41                 10             4                       7
41                 24             1                       7
41                 25             2                       3
41                 43             0                       2
41                 55             2                       8
41                 56             1                       6
41                 88             1                       7
41                 89             1                       6
41                 93             4                       2
41                 99             2                       10
42                 7             2                       7
42                 26             2                       4
42                 31             0                       4
42                 37             4                       2
42                 40             4                       6
42                 52             2                       7
42                 67             3                       1
42                 76             3                       9
42                 86             4                       3
42                 87             4                       8
43                 18             1                       4
43                 32             2                       9
43                 46             1                       3
43                 55             1                       2
43                 59             1                       2
43                 61             0                       1
43                 71             0                       4
43                 72             0                       4
43                 85             0                       6
43                 89             0                       1
44                 2             0                       2
44                 25             1                       6
44                 34             3                       1
44                 37             0                       3
44                 41             0                       7
44                 53             3                       2
44                 64             2                       2
44                 69             4                       6
44                 75             0                       9
44                 80             0                       9
45                 5             0                       3
45                 13             3                       3
45                 53             4                       10
45                 55             4                       5
45                 59             0                       6
45                 63             1                       10
45                 75             0                       7
45                 81             3                       6
45                 85             2                       9
45                 92             1                       3
46                 10             4                       4
46                 11             1                       4
46                 27             2                       9
46                 28             3                       5
46                 41             0                       8
46                 42             1                       8
46                 57             1                       3
46                 74             3                       5
46                 84             4                       7
46                 86             4                       5
47                 3             0                       5
47                 5             1                       6
47                 12             1                       2
47                 29             3                       1
47                 38             3                       3
47                 47             3                       7
47                 48             2                       5
47                 61             3                       2
47                 67             1                       7
47                 70             2                       4
48                 1             3                       1
48                 7             4                       9
48                 29             2                       5
48                 37             2                       7
48                 38             2                       9
48                 50             4                       6
48                 54             4                       10
48                 64             1                       3
48                 77             0                       6
48                 83             2                       6
49                 10             0                       2
49                 14             3                       8
49                 18             3                       9
49                 21             4                       6
49                 25             1                       4
49                 43             1                       8
49                 47             3                       8
49                 50             0                       2
49                 78             0                       4
49                 84             0                       1
50                 24             4                       2
50                 39             4                       10
50                 56             3                       8
50                 69             3                       1
50                 75             4                       10
50                 96             2                       5
50                 97             1                       1
50                 98             3                       5
50                 99             2                       7
50                 100             0                       1
51                 2             1                       4
51                 7             2                       6
51                 12             1                       3
51                 24             1                       5
51                 32             0                       5
51                 46             1                       5
51                 47             2                       3
51                 52             0                       6
51                 54             4                       1
51                 67             3                       8
52                 4             0                       3
52                 6             3                       6
52                 15             3                       9
52                 30             1                       9
52                 41             4                       3
52                 44             4                       7
52                 45             0                       8
52                 49             0                       5
52                 54             4                       2
52                 59             0                       10
53                 3             3                       10
53                 5             2                       4
53                 8             1                       5
53                 12             2                       6
53                 15             4                       10
53                 18             4                       10
53                 30             2                       1
53                 31             0                       5
53                 41             4                       9
53                 60             1                       7
54                 6             4                       9
54                 12             0                       4
54                 19             2                       9
54                 23             2                       8
54                 24             4                       9
54                 33             0                       1
54                 46             0                       1
54                 64             1                       10
54                 69             0                       7
54                 74             0                       1
55                 6             0                       10
55                 29             0                       2
55                 46             3                       8
55                 53             1                       7
55                 55             2                       6
55                 60             4                       10
55                 68             4                       8
55                 80             3                       2
55                 81             2                       2
55                 94             3                       2
56                 16             2                       8
56                 20             4                       10
56                 29             1                       3
56                 42             0                       2
56                 44             1                       3
56                 48             2                       6
56                 49             2                       1
56                 50             1                       10
56                 56             4                       9
56                 68             1                       4
57                 11             4                       9
57                 15             0                       2
57                 19             4                       10
57                 26             0                       1
57                 27             0                       3
57                 34             0                       7
57                 42             0                       3
57                 67             4                       10
57                 76             4                       5
57                 84             0                       2
58                 2             2                       6
58                 8             0                       8
58                 20             0                       2
58                 25             4                       10
58                 43             4                       6
58                 46             3                       10
58                 47             2                       4
58                 50             2                       7
58                 56             3                       7
58                 59             1                       3
59                 22             1                       5
59                 38             0                       1
59                 45             2                       3
59                 52             2                       2
59                 61             1                       9
59                 68             2                       2
59                 70             2                       8
59                 93             2                       3
59                 98             3                       6
59                 100             1                       7
60                 4             4                       9
60                 6             3                       7
60                 31             0                       8
60                 47             3                       5
60                 59             0                       4
60                 61             2                       7
60                 62             1                       2
60                 66             1                       3
60                 73             4                       2
60                 77             2                       2
61                 11             3                       3
61                 25             1                       5
61                 26             1                       6
61                 83             0                       5
61                 88             1                       5
61                 92             4                       10
61                 97             2                       6
61                 98             0                       7
61                 99             3                       8
61                 100             1                       5
62                 37             4                       8
62                 39             2                       4
62                 41             4                       10
62                 48             1                       2
62                 78             2                       5
62                 82             4                       6
62                 87             2                       1
62                 90             4                       1
62                 96             0                       1
62                 98             2                       8
63                 8             2                       4
63                 9             1                       5
63                 12             0                       9
63                 13             1                       5
63                 24             4                       10
63                 26             3                       7
63                 35             4                       10
63                 39             2                       8
63                 41             2                       5
63                 64             2                       4
64                 5             0                       10
64                 40             2                       3
64                 47             4                       1
64                 48             4                       7
64                 49             4                       2
64                 56             0                       2
64                 95             0                       1
64                 98             4                       2
64                 99             1                       2
64                 100             4                       6
65                 23             1                       6
65                 35             0                       5
65                 36             0                       2
65                 44             1                       4
65                 48             1                       9
65                 56             4                       10
65                 60             0                       8
65                 62             3                       3
65                 80             3                       6
65                 82             2                       10
66                 32             2                       6
66                 37             4                       9
66                 52             3                       8
66                 58             1                       7
66                 61             1                       10
66                 79             1                       3
66                 84             2                       8
66                 87             1                       5
66                 89             2                       4
66                 93             2                       6
67                 44             0                       2
67                 53             3                       8
67                 59             1                       7
67                 62             2                       7
67                 63             3                       4
67                 64             1                       9
67                 77             4                       8
67                 82             2                       1
67                 86             1                       9
67                 89             4                       10
68                 10             0                       5
68                 20             1                       8
68                 22             1                       6
68                 27             2                       6
68                 71             4                       10
68                 76             3                       6
68                 78             3                       10
68                 89             2                       7
68                 92             1                       6
68                 95             3                       10
69                 5             1                       7
69                 8             0                       2
69                 10             4                       8
69                 13             4                       9
69                 23             0                       10
69                 32             4                       10
69                 50             3                       8
69                 65             0                       9
69                 66             1                       4
69                 87             3                       9
70                 3             4                       6
70                 7             2                       2
70                 23             0                       4
70                 28             3                       10
70                 54             1                       3
70                 67             2                       5
70                 78             3                       8
70                 81             1                       10
70                 84             1                       9
70                 87             1                       6
71                 2             0                       10
71                 3             2                       4
71                 7             4                       10
71                 16             1                       10
71                 19             2                       2
71                 20             0                       3
71                 34             0                       2
71                 36             4                       8
71                 44             0                       5
71                 59             0                       8
72                 4             4                       10
72                 12             4                       10
72                 36             3                       9
72                 49             4                       10
72                 58             0                       2
72                 82             4                       2
72                 88             0                       2
72                 89             1                       8
72                 91             0                       2
72                 92             2                       8
73                 18             0                       1
73                 27             0                       7
73                 30             3                       8
73                 39             4                       5
73                 45             0                       4
73                 52             3                       9
73                 55             1                       3
73                 78             0                       3
73                 79             3                       10
73                 100             1                       2
74                 13             1                       7
74                 14             2                       9
74                 30             4                       10
74                 41             0                       4
74                 48             1                       3
74                 49             1                       6
74                 51             4                       10
74                 61             0                       3
74                 62             3                       9
74                 65             2                       4
75                 1             3                       7
75                 15             1                       3
75                 17             1                       5
75                 21             0                       1
75                 49             3                       7
75                 52             1                       3
75                 61             1                       6
75                 70             3                       9
75                 71             0                       5
75                 80             4                       10
76                 1             2                       8
76                 11             1                       5
76                 35             3                       6
76                 39             2                       6
76                 40             2                       4
76                 65             4                       10
76                 74             2                       6
76                 92             1                       7
76                 96             0                       2
76                 97             3                       8
77                 3             1                       2
77                 17             4                       10
77                 21             2                       2
77                 50             0                       3
77                 60             0                       2
77                 63             2                       5
77                 68             0                       5
77                 74             4                       10
77                 97             0                       2
77                 99             4                       4
78                 28             1                       7
78                 34             4                       8
78                 42             0                       9
78                 54             2                       6
78                 55             4                       9
78                 69             3                       8
78                 79             3                       8
78                 85             0                       2
78                 93             2                       7
78                 99             2                       1
79                 2             3                       3
79                 19             1                       3
79                 32             3                       8
79                 36             4                       10
79                 46             3                       9
79                 51             2                       3
79                 55             4                       10
79                 63             1                       6
79                 77             4                       9
79                 83             0                       9
80                 14             2                       2
80                 17             1                       7
80                 18             4                       5
80                 19             2                       6
80                 21             3                       7
80                 29             3                       8
80                 47             1                       10
80                 52             1                       4
80                 72             3                       8
80                 75             2                       8
81                 25             3                       9
81                 42             0                       4
81                 60             2                       5
81                 65             4                       5
81                 66             1                       5
81                 73             4                       5
81                 93             2                       4
81                 94             3                       3
81                 95             3                       6
81                 98             3                       1
82                 8             4                       9
82                 13             2                       6
82                 31             4                       10
82                 33             2                       7
82                 34             4                       9
82                 37             4                       10
82                 39             0                       2
82                 73             0                       3
82                 82             4                       3
82                 83             2                       8
83                 45             3                       10
83                 51             2                       7
83                 58             4                       10
83                 60             3                       9
83                 63             0                       1
83                 69             3                       9
83                 75             0                       4
83                 85             4                       3
83                 90             0                       2
83                 94             2                       5
84                 1             2                       10
84                 11             0                       10
84                 17             2                       8
84                 38             4                       4
84                 43             0                       3
84                 54             2                       5
84                 57             4                       4
84                 69             1                       3
84                 81             3                       7
84                 86             3                       6
85                 3             4                       7
85                 18             3                       6
85                 22             3                       9
85                 44             4                       10
85                 45             1                       6
85                 52             0                       10
85                 55             1                       7
85                 56             3                       3
85                 93             1                       8
85                 99             3                       5
86                 18             3                       3
86                 26             4                       9
86                 37             3                       5
86                 49             1                       4
86                 57             2                       7
86                 62             3                       10
86                 64             4                       5
86                 69             2                       4
86                 72             1                       10
86                 86             1                       4
87                 1             3                       9
87                 10             1                       9
87                 12             1                       5
87                 13             3                       8
87                 21             3                       8
87                 30             1                       4
87                 64             1                       6
87                 70             0                       5
87                 91             0                       3
87                 93             0                       1
88                 9             4                       8
88                 11             3                       7
88                 14             4                       10
88                 16             1                       9
88                 28             0                       1
88                 34             2                       3
88                 64             1                       7
88                 66             2                       7
88                 68             4                       9
88                 79             3                       2
89                 2             1                       5
89                 7             1                       3
89                 21             1                       9
89                 37             4                       4
89                 45             2                       9
89                 73             0                       7
89                 74             1                       8
89                 81             3                       8
89                 84             1                       5
89                 88             1                       6
90                 3             1                       3
90                 19             1                       4
90                 35             0                       2
90                 59             2                       9
90                 73             0                       4
90                 76             4                       10
90                 82             2                       4
90                 85             2                       4
90                 87             0                       2
90                 91             2                       8
91                 33             4                       2
91                 73             1                       6
91                 89             2                       9
91                 90             3                       7
91                 91             0                       4
91                 95             2                       7
91                 97             4                       10
91                 98             3                       9
91                 99             3                       9
91                 100             4                       10
92                 3             3                       8
92                 8             0                       3
92                 30             0                       2
92                 58             3                       8
92                 59             0                       5
92                 83             0                       10
92                 84             3                       10
92                 87             1                       3
92                 90             4                       3
92                 97             4                       4
93                 9             4                       9
93                 19             1                       8
93                 26             4                       10
93                 33             3                       8
93                 34             3                       4
93                 38             0                       2
93                 57             0                       5
93                 64             0                       1
93                 69             0                       2
93                 89             2                       2
94                 4             1                       2
94                 6             1                       3
94                 29             2                       9
94                 36             1                       3
94                 40             0                       2
94                 58             0                       9
94                 68             3                       7
94                 71             0                       7
94                 90             2                       5
94                 94             3                       9
95                 4             4                       4
95                 8             2                       6
95                 10             4                       10
95                 13             0                       10
95                 16             1                       5
95                 23             4                       5
95                 34             3                       10
95                 40             3                       7
95                 63             3                       8
95                 82             2                       5
96                 15             0                       4
96                 18             3                       7
96                 19             4                       7
96                 36             4                       4
96                 76             0                       1
96                 77             0                       3
96                 86             4                       10
96                 91             1                       10
96                 93             3                       9
96                 94             4                       10
97                 6             3                       4
97                 9             1                       10
97                 12             3                       7
97                 15             1                       6
97                 43             4                       9
97                 62             0                       4
97                 80             3                       7
97                 86             3                       7
97                 94             3                       4
97                 99             2                       6
98                 3             3                       1
98                 8             2                       7
98                 13             1                       4
98                 27             1                       4
98                 35             2                       8
98                 58             1                       5
98                 86             1                       1
98                 95             4                       2
98                 96             1                       10
98                 100             3                       8
99                 4             3                       6
99                 5             3                       5
99                 32             1                       3
99                 38             4                       10
99                 57             2                       9
99                 67             1                       4
99                 68             1                       10
99                 78             2                       6
99                 81             3                       9
99                 88             0                       10
100                 1             1                       2
100                 27             4                       10
100                 43             4                       10
100                 49             3                       8
100                 73             3                       8
100                 76             0                       2
100                 77             4                       10
100                 82             3                       7
100                 84             0                       3
100                 85             0                       5