14
1                 6             1                       7
1                 11             4                       6
1                 45             2                       9
1                 52             4                       4
1                 62             0                       8
1                 63             0                       5
1                 69             4                       6
1                 77             2                       3
1                 85             0                       7
1                 94             2                       8
2                 20             0                       4
2                 28             3                       7
2                 37             0                       7
2                 38             3                       10
2                 48             3                       3
2                 66             2                       7
2                 68             1                       1
2                 71             2                       1
2                 72             2                       9
2                 75             4                       1
3                 5             2                       1
3                 13             2                       9
3                 15             4                       3
3                 17             4                       3
3                 24             3                       2
3                 25             3                       2
3                 32             2                       1
3                 42             2                       9
3                 62             1                       1
3                 70             4                       2
4                 5             2                       9
4                 18             0                       8
4                 20             1                       1
4                 24             1                       3
4                 33             2                       3
4                 34             4                       8
4                 38             3                       6
4                 59             2                       2
4                 60             1                       1
4                 61             2                       1
5                 11             0                       7
5                 13             0                       5
5                 50             0                       4
5                 51             1                       8
5                 55             1                       1
5                 56             0                       3
5                 75             4                       5
5                 84             4                       3
5                 87             2                       8
5                 88             3                       1
6                 41             2                       7
6                 45             1                       10
6                 54             3                       1
6                 57             3                       4
6                 60             3                       5
6                 64             0                       7
6                 79             4                       1
6                 84             1                       6
6                 90             2                       2
6                 93             2                       2
7                 17             1                       9
7                 22             4                       4
7                 40             1                       2
7                 41             2                       8
7                 53             3                       3
7                 57             2                       6
7                 58             3                       10
7                 61             1                       7
7                 73             1                       5
7                 76             2                       10
8                 28             4                       3
8                 31             3                       3
8                 46             3                       6
8                 50             4                       1
8                 67             4                       4
8                 80             1                       9
8                 85             0                       1
8                 86             2                       1
8                 93             1                       5
8                 94             3                       7
9                 2             1                       5
9                 3             2                       8
9                 6             3                       1
9                 27             1                       8
9                 41             3                       10
9                 44             3                       6
9                 52             3                       7
9                 55             1                       2
9                 61             3                       2
9                 66             1                       4
10                 1             2                       3
10                 5             2                       10
10                 8             4                       2
10                 32             0                       6
10                 46             2                       7
10                 73             1                       1
10                 81             1                       8
10                 84             3                       7
10                 88             3                       8
10                 91             4                       1
11                 20             2                       5
11                 30             1                       5
11                 41             4                       9
11                 52             0                       8
11                 59             3                       3
11                 64             1                       8
11                 65             4                       7
11                 68             2                       3
11                 72             2                       3
11                 76             0                       8
12                 17             2                       4
12                 18             1                       6
12                 27             4                       5
12                 29             1                       8
12                 35             0                       5
12                 40             1                       10
12                 68             1                       4
12                 83             2                       1
12                 90             0                       9
12                 92             4                       1
13                 5             3                       5
13                 28             2                       8
13                 42             0                       6
13                 57             0                       7
13                 60             0                       7
13                 65             2                       8
13                 88             2                       9
13                 90             4                       1
13                 97             2                       1
13                 99             0                       6
14                 25             3                       4
14                 33             0                       4
14                 43             1                       7
14                 81             2                       1
14                 84             4                       1
14                 94             1                       1
14                 96             2                       8
14                 98             2                       8
14                 99             4                       1
14                 100             0                       8
15                 19             4                       7
15                 35             2                       9
15                 63             2                       3
15                 68             1                       9
15                 71             1                       3
15                 73             4                       2
15                 78             0                       6
15                 95             0                       7
15                 98             3                       2
15                 99             4                       2
16                 4             0                       3
16                 7             1                       7
16                 52             2                       3
16                 58             0                       5
16                 59             1                       10
16                 66             3                       5
16                 88             2                       5
16                 92             4                       4
16                 94             1                       9
16                 95             3                       1
17                 27             1                       9
17                 28             4                       2
17                 32             2                       10
17                 34             0                       7
17                 40             1                       3
17                 48             2                       4
17                 50             4                       6
17                 52             4                       9
17                 63             1                       6
17                 73             4                       3
18                 2             4                       1
18                 11             2                       1
18                 25             3                       5
18                 27             2                       6
18                 51             3                       2
18                 58             2                       6
18                 78             4                       4
18                 80             1                       1
18                 94             0                       5
18                 96             0                       9
19                 8             1                       6
19                 9             3                       5
19                 23             3                       9
19                 57             3                       1
19                 72             1                       5
19                 74             3                       9
19                 89             4                       4
19                 91             0                       8
19                 93             2                       8
19                 94             0                       2
20                 19             0                       5
20                 23             2                       1
20                 37             0                       8
20                 38             4                       7
20                 68             3                       5
20                 72             1                       10
20                 73             3                       6
20                 85             3                       2
20                 90             4                       4
20                 94             3                       6
21                 1             3                       5
21                 5             0                       6
21                 18             2                       4
21                 22             3                       6
21                 28             4                       4
21                 65             3                       9
21                 83             3                       8
21                 87             0                       7
21                 88             4                       2
21                 93             0                       3
22                 18             0                       1
22                 33             4                       1
22                 49             4                       6
22                 66             2                       3
22                 68             2                       7
22                 75             2                       6
22                 77             0                       4
22                 81             2                       9
22                 85             1                       3
22                 86             0                       5
23                 7             2                       9
23                 8             4                       3
23                 13             3                       10
23                 26             2                       1
23                 31             2                       7
23                 32             3                       2
23                 34             1                       1
23                 36             4                       1
23                 51             2                       9
23                 54             3                       2
24                 29             0                       3
24                 40             4                       4
24                 42             1                       7
24                 45             4                       3
24                 51             4                       1
24                 53             0                       7
24                 67             3                       1
24                 75             1                       7
24                 77             4                       5
24                 86             0                       8
25                 6             4                       9
25                 11             3                       8
25                 15             1                       10
25                 16             3                       1
25                 19             0                       6
25                 21             0                       9
25                 25             1                       6
25                 28             1                       1
25                 36             2                       2
25                 42             1                       3
26                 14             4                       3
26                 24             4                       8
26                 25             2                       7
26                 32             2                       7
26                 38             1                       8
26                 63             2                       4
26                 64             2                       5
26                 69             4                       4
26                 75             4                       8
26                 81             0                       6
27                 1             1                       1
27                 7             3                       8
27                 21             4                       1
27                 24             4                       6
27                 58             3                       7
27                 75             3                       9
27                 76             4                       6
27                 79             3                       8
27                 91             0                       5
27                 93             1                       4
28                 10             1                       10
28                 21             0                       7
28                 26             2                       10
28                 39             1                       4
28                 73             2                       4
28                 76             3                       1
28                 77             1                       1
28                 88             3                       6
28                 89             3                       2
28                 91             0                       4
29                 2             1                       7
29                 11             3                       9
29                 12             0                       8
29                 23             3                       10
29                 36             1                       9
29                 42             3                       1
29                 48             2                       9
29                 57             3                       8
29                 85             1                       5
29                 89             2                       5
30                 2             3                       3
30                 16             0                       7
30                 25             4                       8
30                 46             4                       5
30                 61             2                       9
30                 63             1                       7
30                 66             2                       1
30                 67             4                       5
30                 76             0                       4
30                 79             3                       9
31                 15             1                       7
31                 27             1                       1
31                 35             4                       6
31                 37             0                       4
31                 43             0                       4
31                 45             3                       4
31                 52             3                       10
31                 66             0                       6
31                 68             0                       6
31                 82             2                       2
32                 9             4                       1
32                 14             1                       7
32                 43             0                       6
32                 56             1                       6
32                 64             0                       1
32                 78             3                       1
32                 90             2                       5
32                 95             0                       5
32                 99             2                       7
32                 100             4                       6
33                 18             2                       5
33                 21             2                       2
33                 38             1                       9
33                 49             2                       8
33                 55             2                       4
33                 72             4                       6
33                 79             4                       6
33                 93             4                       9
33                 97             3                       4
33                 98             2                       3
34                 12             4                       1
34                 41             0                       1
34                 44             1                       7
34                 47             0                       3
34                 51             2                       5
34                 54             0                       4
34                 80             1                       2
34                 82             4                       1
34                 86             0                       2
34                 91             1                       2
35                 19             2                       1
35                 26             4                       6
35                 36             2                       5
35                 86             4                       3
35                 95             4                       9
35                 96             4                       7
35                 97             4                       5
35                 98             0                       4
35                 99             2                       3
35                 100             4                       1
36                 1             0                       2
36                 2             3                       8
36                 12             3                       6
36                 22             4                       1
36                 35             0                       1
36                 37             3                       1
36                 48             2                       5
36                 56             3                       2
36                 60             3                       8
36                 82             0                       8
37                 19             0                       2
37                 22             4                       7
37                 32             0                       9
37                 36             2                       6
37                 44             0                       8
37                 69             0                       7
37                 75             4                       4
37                 81             1                       2
37                 85             0                       6
37                 86             4                       9
38                 4             1                       4
38                 5             0                       2
38                 12             1                       4
38                 13             4                       6
38                 17             0                       5
38                 28             3                       5
38                 35             3                       2
38                 41             1                       3
38                 42             3                       8
38                 52             3                       5
39                 4             3                       5
39                 8             0                       1
39                 14             4                       4
39                 30             3                       3
39                 46             4                       1
39                 48             2                       2
39                 59             0                       1
39                 86             4                       10
39                 88             4                       10
39                 89             2                       1
40                 34             1                       5
40                 36             1                       3
40                 44             3                       9
40                 47             2                       9
40                 56             2                       1
40                 67             1                       2
40                 74             0                       6
40                 92             0                       7
40                 95             3                       2
40                 100             2                       9
41                 5             0                       3
41                 12             4                       9
41                 19             3                       8
41                 21             0                       3
41                 22             4                       8
41                 33             1                       2
41                 41             0                       2
41                 45             3                       7
41                 46             0                       2
41                 73             1                       8
42                 5             2                       7
42                 9             4                       2
42                 12             4                       2
42                 36             0                       10
42                 44             2                       10
42                 48             2                       6
42                 56             3                       4
42                 78             0                       5
42                 79             1                       2
42                 83             1                       2
43                 4             3                       6
43                 7             1                       10
43                 10             4                       2
43                 34             2                       2
43                 56             2                       5
43                 79             1                       3
43                 80             3                       3
43                 81             1                       3
43                 92             0                       5
43                 94             4                       10
44                 3             1                       4
44                 17             2                       10
44                 18             4                       9
44                 24             4                       9
44                 40             0                       5
44                 43             3                       8
44                 47             2                       5
44                 66             3                       8
44                 70             3                       3
44                 91             2                       3
45                 71             1                       4
45                 74             0                       7
45                 76             1                       5
45                 88             2                       3
45                 95             0                       8
45                 96             3                       10
45                 97             2                       10
45                 98             2                       5
45                 99             0                       4
45                 100             1                       3
46                 4             0                       1
46                 13             4                       3
46                 26             1                       9
46                 34             0                       3
46                 73             4                       9
46                 77             2                       6
46                 80             1                       10
46                 82             1                       3
46                 87             4                       1
46                 89             3                       6
47                 10             3                       5
47                 50             1                       5
47                 76             1                       2
47                 78             2                       2
47                 79             2                       5
47                 82             4                       4
47                 83             0                       9
47                 87             2                       5
47                 89             3                       7
47                 93             1                       1
48                 1             2                       8
48                 2             2                       6
48                 15             1                       4
48                 70             3                       4
48                 77             2                       7
48                 84             4                       8
48                 93             4                       6
48                 96             2                       3
48                 98             3                       9
48                 100             3                       2
49                 19             1                       4
49                 20             3                       6
49                 25             3                       10
49                 33             1                       6
49                 48             2                       1
49                 53             1                       8
49                 55             1                       8
49                 58             3                       4
49                 61             1                       5
49                 67             1                       3
50                 6             2                       10
50                 7             1                       3
50                 14             0                       8
50                 23             3                       6
50                 26             0                       2
50                 30             2                       4
50                 34             3                       9
50                 44             3                       1
50                 73             1                       10
50                 78             4                       9
51                 31             1                       4
51                 46             4                       8
51                 50             0                       8
51                 57             4                       10
51                 71             2                       5
51                 84             3                       9
51                 91             3                       6
51                 93             3                       7
51                 95             2                       6
51                 96             2                       4
52                 1             1                       6
52                 6             4                       6
52                 12             0                       10
52                 13             2                       4
52                 16             1                       8
52                 26             1                       3
52                 38             0                       1
52                 40             2                       6
52                 50             0                       2
52                 67             2                       8
53                 11             2                       4
53                 13             3                       1
53                 25             3                       9
53                 34             0                       6
53                 40             1                       1
53                 47             2                       4
53                 83             2                       10
53                 87             4                       9
53                 88             2                       4
53                 97             0                       6
54                 9             0                       9
54                 15             0                       5
54                 19             2                       3
54                 21             1                       4
54                 28             3                       6
54                 38             3                       4
54                 41             1                       4
54                 45             0                       1
54                 54             4                       10
54                 69             4                       8
55                 9             0                       10
55                 15             3                       8
55                 16             4                       6
55                 17             4                       6
55                 18             0                       2
55                 30             3                       7
55                 45             4                       6
55                 49             0                       3
55                 59             4                       4
55                 62             4                       2
56                 7             0                       1
56                 8             1                       9
56                 14             4                       1
56                 21             0                       5
56                 22             3                       9
56                 33             2                       7
56                 39             3                       1
56                 42             4                       5
56                 43             1                       1
56                 46             4                       9
57                 2             0                       2
57                 10             1                       8
57                 29             1                       1
57                 30             3                       8
57                 48             1                       7
57                 74             4                       10
57                 83             1                       3
57                 84             1                       2
57                 85             2                       4
57                 97             2                       7
58                 11             3                       10
58                 19             3                       9
58                 30             2                       9
58                 32             0                       3
58                 37             3                       9
58                 52             4                       1
58                 77             4                       9
58                 79             1                       4
58                 92             0                       2
58                 96             4                       1
59                 8             3                       7
59                 15             1                       1
59                 26             1                       4
59                 27             4                       2
59                 29             2                       5
59                 30             1                       10
59                 33             0                       10
59                 38             3                       5
59                 39             3                       10
59                 53             3                       4
60                 4             4                       9
60                 7             4                       4
60                 29             0                       6
60                 35             1                       4
60                 39             4                       5
60                 52             0                       2
60                 56             3                       7
60                 63             2                       1
60                 65             1                       10
60                 90             1                       3
61                 10             1                       3
61                 20             4                       9
61                 23             0                       5
61                 31             3                       8
61                 52             4                       6
61                 72             4                       4
61                 76             0                       3
61                 77             0                       2
61                 79             1                       10
61                 92             1                       3
62                 22             4                       5
62                 24             3                       10
62                 28             4                       9
62                 32             1                       4
62                 44             3                       3
62                 51             1                       3
62                 57             1                       2
62                 62             4                       6
62                 70             2                       9
62                 75             4                       10
63                 20             0                       2
63                 61             1                       3
63                 66             3                       9
63                 80             0                       4
63                 81             1                       4
63                 89             3                       8
63                 97             2                       9
63                 98             2                       1
63                 99             4                       8
63                 100             1                       4
64                 20             1                       8
64                 22             0                       10
64                 38             0                       2
64                 39             1                       6
64                 48             0                       8
64                 57             2                       9
64                 72             2                       7
64                 80             2                       8
64                 82             4                       9
64                 83             1                       4
65                 9             2                       6
65                 27             1                       3
65                 35             0                       8
65                 46             0                       10
65                 53             2                       9
65                 61             3                       8
65                 69             0                       9
65                 82             1                       10
65                 83             1                       5
65                 96             4                       5
66                 1             3                       9
66                 10             2                       6
66                 16             4                       9
66                 17             3                       8
66                 38             0                       3
66                 45             1                       8
66                 49             1                       1
66                 58             0                       1
66                 62             2                       9
66                 65             0                       1
67                 3             2                       9
67                 15             3                       6
67                 16             3                       4
67                 29             3                       9
67                 31             2                       5
67                 45             1                       5
67                 53             3                       10
67                 55             0                       5
67                 59             1                       9
67                 74             0                       1
68                 13             1                       2
68                 20             0                       3
68                 54             0                       7
68                 57             3                       5
68                 58             0                       2
68                 71             2                       7
68                 94             0                       3
68                 98             3                       6
68                 99             1                       5
68                 100             0                       10
69                 12             1                       5
69                 29             2                       2
69                 35             4                       10
69                 41             3                       5
69                 47             1                       6
69                 55             0                       3
69                 56             4                       10
69                 64             4                       10
69                 70             2                       5
69                 75             1                       2
70                 8             1                       10
70                 14             1                       9
70                 16             2                       10
70                 32             4                       8
70                 39             3                       7
70                 40             2                       7
70                 60             0                       2
70                 65             4                       3
70                 66             0                       2
70                 70             2                       7
71                 8             3                       8
71                 13             3                       7
71                 41             3                       6
71                 49             1                       9
71                 51             3                       6
71                 54             2                       6
71                 68             4                       10
71                 69             3                       10
71                 72             2                       8
71                 74             3                       2
72                 4             4                       10
72                 6             1                       2
72                 32             1                       5
72                 43             4                       9
72                 47             0                       1
72                 78             2                       10
72                 83             1                       6
72                 87             3                       2
72                 89             3                       9
72                 90             3                       7
73                 23             0                       2
73                 27             2                       10
73                 31             0                       1
73                 56             3                       8
73                 59             1                       6
73                 63             0                       2
73                 71             3                       6
73                 75             4                       3
73                 86             3                       7
73                 87             4                       6
74                 11             0                       5
74                 12             2                       7
74                 17             0                       1
74                 21             0                       10
74                 49             1                       4
74                 67             2                       6
74                 76             2                       7
74                 84             3                       4
74                 85             0                       9
74                 97             2                       8
75                 8             1                       4
75                 42             3                       4
75                 48             4                       10
75                 56             2                       9
75                 58             3                       3
75                 79             4                       7
75                 80             3                       5
75                 92             1                       8
75                 99             0                       9
75                 100             1                       5
76                 17             2                       2
76                 20             4                       10
76                 37             3                       10
76                 39             3                       2
76                 43             0                       2
76                 49             0                       2
76                 62             1                       4
76                 67             2                       9
76                 72             0                       1
76                 73             3                       7
77                 3             2                       3
77                 16             0                       2
77                 29             3                       10
77                 50             2                       9
77                 51             1                       4
77                 61             4                       10
77                 63             2                       8
77                 65             4                       5
77                 70             2                       8
77                 78             3                       7
78                 7             0                       2
78                 10             3                       4
78                 18             1                       7
78                 24             2                       4
78                 26             3                       5
78                 46             4                       3
78                 57             1                       3
78                 58             4                       8
78                 74             4                       8
78                 76             3                       9
79                 9             1                       3
79                 15             3                       9
79                 31             2                       9
79                 40             3                       9
79                 45             0                       2
79                 50             1                       3
79                 64             0                       2
79                 69             0                       1
79                 77             1                       8
79                 86             0                       6
80                 3             0                       1
80                 9             2                       8
80                 23             1                       4
80                 35             2                       3
80                 37             2                       2
80                 47             1                       2
80                 50             4                       10
80                 53             2                       5
80                 64             1                       9
80                 71             2                       2
81                 3             2                       5
81                 7             2                       5
81                 9             1                       4
81                 10             0                       1
81                 39             3                       8
81                 54             1                       5
81                 70             4                       10
81                 71             3                       8
81                 74             1                       4
81                 84             4                       5
82                 1             2                       7
82                 16             0                       3
82                 18             4                       10
82                 21             0                       6
82                 22             2                       2
82                 31             4                       10
82                 49             4                       10
82                 54             3                       8
82                 60             0                       6
82                 62             4                       10
83                 23             4                       7
83                 33             2                       8
83                 47             4                       7
83                 60             0                       3
83                 80             1                       6
83                 89             1                       3
83                 90             1                       6
83                 92             4                       9
83                 95             4                       10
83                 97             0                       2
84                 9             2                       7
84                 18             3                       3
84                 42             4                       10
84                 53             2                       6
84                 78             0                       3
84                 83             0                       7
84                 85             4                       10
84                 90             2                       10
84                 98             2                       7
84                 99             0                       10
85                 10             2                       9
85                 23             4                       8
85                 47             3                       8
85                 54             0                       9
85                 55             0                       6
85                 59             2                       7
85                 65             0                       2
85                 72             0                       2
85                 85             2                       8
85                 87             1                       3
86                 11             0                       2
86                 26             2                       7
86                 33             3                       9
86                 53             0                       1
86                 61             1                       4
86                 77             2                       10
86                 91             4                       9
86                 92             4                       10
86                 95             1                       3
86                 96             1                       2
87                 34             0                       4
87                 36             0                       7
87                 43             2                       3
87                 65             3                       6
87                 71             4                       9
87                 87             1                       4
87                 93             4                       10
87                 94             0                       4
87                 98             2                       10
87                 100             2                       7
88                 3             3                       6
88                 30             0                       1
88                 37             1                       3
88                 58             3                       9
88                 62             2                       7
88                 63             4                       9
88                 69             4                       2
88                 87             0                       10
88                 90             3                       8
88                 95             0                       4
89                 3             4                       10
89                 44             3                       4
89                 55             3                       10
89                 62             0                       3
89                 64             2                       6
89                 68             1                       8
89                 69             4                       3
89                 80             1                       7
89                 82             1                       6
89                 91             4                       10
90                 5             1                       4
90                 6             1                       8
90                 11             3                       3
90                 21             1                       8
90                 36             4                       4
90                 43             3                       5
90                 47             4                       10
90                 59             2                       8
90                 62             0                       5
90                 64             2                       3
91                 1             4                       10
91                 4             1                       7
91                 8             2                       5
91                 13             3                       8
91                 15             0                       2
91                 23             0                       3
91                 25             1                       3
91                 27             4                       4
91                 39             3                       9
91                 44             0                       2
92                 2             2                       4
92                 6             1                       3
92                 14             0                       2
92                 24             2                       7
92                 31             3                       6
92                 40             1                       8
92                 51             2                       7
92                 53             3                       2
92                 66             4                       10
92                 74             2                       3
93                 7             1                       6
93                 25             0                       1
93                 29             3                       4
93                 35             2                       7
93                 37             1                       5
93                 39             2                       3
93                 64             0                       4
93                 67             1                       7
93                 69             3                       5
93                 81             4                       7
94                 2             0                       10
94                 3             4                       7
94                 4             1                       8
94                 5             3                       8
94                 14             4                       10
94                 22             2                       3
94                 46             2                       4
94                 67             4                       10
94                 71             4                       10
94                 74             1                       5
95                 6             1                       4
95                 27             2                       7
95                 33             1                       5
95                 42             0                       2
95                 44             2                       5
95                 49             3                       7
95                 55             2                       9
95                 60             1                       9
95                 61             4                       6
95                 70             2                       6
96                 1             0                       4
96                 4             1                       2
96                 6             3                       5
96                 19             3                       10
96                 30             0                       2
96                 37             1                       6
96                 82             2                       7
96                 86             1                       4
96                 88             4                       7
96                 89             3                       10
97                 14             2                       5
97                 17             2                       7
97                 24             2                       5
97                 28             3                       10
97                 29             2                       7
97                 34             3                       10
97                 51             0                       10
97                 55             1                       7
97                 65             4                       4
97                 70             0                       1
98                 3             0                       2
98                 12             0                       3
98                 16             1                       5
98                 20             1                       7
98                 24             2                       1
98                 26             0                       8
98                 30             3                       6
98                 60             3                       4
98                 63             4                       10
98                 82             1                       5
99                 2             3                       9
99                 10             2                       7
99                 31             2                       2
99                 36             3                       8
99                 43             4                       10
99                 49             4                       5
99                 54             1                       3
99                 59             1                       5
99                 60             3                       10
99                 81             3                       5
100                 14             2                       6
100                 50             3                       7
100                 68             0                       2
100                 78             3                       8
100                 81             4                       10
100                 84             4                       10
100                 91             3                       7
100                 92             1                       6
100                 96             2                       6
100                 97             1                       3