14
1                 14             1                       3
1                 44             3                       3
1                 50             3                       3
1                 59             4                       1
1                 66             1                       1
1                 86             0                       7
1                 89             2                       4
1                 93             1                       5
1                 94             0                       10
1                 98             2                       1
2                 2             1                       4
2                 3             2                       1
2                 29             1                       9
2                 39             4                       4
2                 41             3                       3
2                 46             2                       6
2                 58             4                       4
2                 59             2                       3
2                 70             0                       8
2                 73             1                       6
3                 6             1                       1
3                 22             4                       4
3                 24             3                       3
3                 32             2                       8
3                 44             2                       9
3                 49             3                       2
3                 50             2                       1
3                 61             2                       2
3                 67             2                       9
3                 69             1                       1
4                 6             1                       10
4                 9             3                       3
4                 28             2                       3
4                 32             2                       9
4                 36             0                       7
4                 40             3                       1
4                 43             3                       9
4                 62             4                       1
4                 74             3                       4
4                 75             4                       7
5                 15             0                       5
5                 18             0                       7
5                 20             0                       4
5                 28             4                       1
5                 33             4                       3
5                 35             2                       8
5                 39             0                       7
5                 52             1                       4
5                 57             4                       2
5                 61             3                       1
6                 23             2                       2
6                 27             0                       7
6                 44             4                       5
6                 72             1                       6
6                 83             3                       9
6                 86             4                       3
6                 89             0                       9
6                 96             4                       1
6                 99             3                       1
6                 100             0                       10
7                 2             1                       5
7                 4             3                       1
7                 11             0                       8
7                 18             4                       1
7                 25             1                       8
7                 26             3                       1
7                 42             1                       8
7                 48             0                       7
7                 71             4                       5
7                 75             3                       9
8                 3             1                       2
8                 4             4                       6
8                 7             4                       1
8                 11             2                       9
8                 12             4                       4
8                 14             3                       4
8                 42             1                       1
8                 43             2                       6
8                 48             1                       1
8                 60             3                       2
9                 24             3                       8
9                 31             2                       1
9                 32             1                       1
9                 35             2                       3
9                 46             4                       5
9                 56             0                       7
9                 59             2                       4
9                 71             2                       7
9                 80             0                       4
9                 85             1                       7
10                 3             0                       3
10                 13             3                       8
10                 17             2                       1
10                 59             1                       5
10                 75             1                       4
10                 85             3                       2
10                 93             4                       1
10                 98             0                       6
10                 99             0                       4
10                 100             4                       1
11                 25             1                       1
11                 42             2                       3
11                 49             2                       6
11                 62             1                       6
11                 67             1                       4
11                 70             1                       9
11                 74             0                       5
11                 83             2                       4
11                 87             1                       7
11                 96             4                       4
12                 59             2                       8
12                 75             3                       5
12                 76             4                       1
12                 83             1                       5
12                 86             4                       5
12                 87             2                       2
12                 90             0                       9
12                 95             4                       4
12                 97             2                       9
12                 100             3                       7
13                 17             4                       7
13                 22             0                       3
13                 39             3                       8
13                 41             0                       4
13                 45             1                       5
13                 46             4                       7
13                 51             3                       9
13                 70             0                       5
13                 77             1                       9
13                 92             0                       5
14                 14             2                       6
14                 16             3                       1
14                 18             1                       6
14                 21             3                       9
14                 22             2                       9
14                 34             1                       1
14                 39             0                       1
14                 42             1                       9
14                 69             3                       4
14                 77             0                       10
15                 7             2                       4
15                 31             2                       2
15                 34             0                       3
15                 58             3                       7
15                 73             2                       9
15                 76             2                       3
15                 85             0                       6
15                 91             0                       9
15                 93             3                       4
15                 95             1                       9
16                 5             0                       8
16                 10             2                       1
16                 21             4                       6
16                 30             2                       8
16                 36             0                       5
16                 44             1                       2
16                 55             1                       1
16                 57             1                       1
16                 58             1                       8
16                 64             4                       3
17                 8             3                       2
17                 20             2                       2
17                 36             2                       1
17                 43             2                       7
17                 63             4                       3
17                 71             3                       8
17                 73             2                       4
17                 76             1                       8
17                 91             1                       1
17                 92             3                       1
18                 6             0                       4
18                 18             2                       4
18                 37             1                       4
18                 51             0                       7
18                 65             2                       1
18                 73             3                       7
18                 81             2                       1
18                 84             3                       4
18                 85             2                       1
18                 90             4                       7
19                 12             3                       8
19                 15             4                       1
19                 16             3                       2
19                 18             0                       2
19                 31             1                       4
19                 34             1                       2
19                 46             0                       8
19                 50             3                       4
19                 53             1                       1
19                 56             3                       1
20                 4             2                       4
20                 8             1                       6
20                 21             4                       1
20                 27             3                       1
20                 63             0                       4
20                 64             1                       8
20                 66             0                       4
20                 82             1                       3
20                 88             2                       7
20                 89             0                       5
21                 21             3                       2
21                 26             4                       6
21                 33             2                       8
21                 45             2                       10
21                 47             0                       7
21                 49             2                       8
21                 90             3                       1
21                 92             2                       6
21                 94             0                       9
21                 100             0                       8
22                 32             0                       5
22                 38             2                       9
22                 40             0                       8
22                 57             1                       3
22                 67             3                       10
22                 77             4                       1
22                 96             2                       8
22                 97             0                       4
22                 98             3                       9
22                 100             1                       9
23                 1             4                       1
23                 4             2                       7
23                 7             0                       7
23                 14             3                       8
23                 15             3                       9
23                 18             1                       5
23                 40             0                       7
23                 41             3                       5
23                 51             3                       1
23                 71             4                       2
24                 10             0                       5
24                 23             4                       6
24                 25             0                       3
24                 27             2                       2
24                 31             3                       7
24                 43             3                       4
24                 46             4                       3
24                 47             3                       4
24                 61             1                       6
24                 77             3                       2
25                 1             3                       2
25                 18             4                       3
25                 22             1                       1
25                 23             2                       3
25                 49             1                       7
25                 63             1                       10
25                 64             3                       4
25                 69             0                       3
25                 73             0                       1
25                 77             0                       3
26                 9             4                       4
26                 10             2                       3
26                 27             1                       4
26                 35             3                       5
26                 46             1                       2
26                 78             1                       1
26                 79             2                       8
26                 80             4                       1
26                 88             2                       8
26                 95             1                       10
27                 25             0                       4
27                 33             4                       1
27                 40             0                       2
27                 53             2                       10
27                 54             0                       6
27                 63             1                       1
27                 65             2                       7
27                 76             0                       4
27                 80             0                       8
27                 86             3                       6
28                 1             0                       7
28                 5             1                       9
28                 12             0                       9
28                 19             4                       4
28                 25             2                       5
28                 27             2                       3
28                 42             1                       4
28                 47             1                       5
28                 65             3                       8
28                 81             0                       8
29                 4             4                       8
29                 11             1                       10
29                 15             0                       2
29                 19             3                       5
29                 22             4                       5
29                 29             2                       1
29                 33             3                       6
29                 34             1                       4
29                 43             3                       5
29                 46             3                       9
30                 2             2                       2
30                 27             4                       9
30                 39             4                       6
30                 43             1                       2
30                 50             0                       5
30                 58             0                       5
30                 67             4                       8
30                 88             3                       3
30                 94             0                       7
30                 98             0                       7
31                 12             4                       1
31                 30             0                       9
31                 69             3                       9
31                 71             4                       3
31                 77             3                       6
31                 79             4                       5
31                 82             1                       7
31                 88             1                       4
31                 92             4                       2
31                 98             3                       2
32                 4             4                       2
32                 17             2                       9
32                 26             0                       7
32                 44             2                       6
32                 46             2                       4
32                 52             0                       5
32                 66             1                       9
32                 75             2                       2
32                 79             0                       7
32                 80             4                       9
33                 27             0                       5
33                 44             3                       7
33                 55             0                       8
33                 62             1                       7
33                 82             2                       6
33                 85             1                       3
33                 90             2                       10
33                 91             2                       3
33                 93             1                       9
33                 94             0                       1
34                 7             1                       5
34                 33             0                       2
34                 40             0                       9
34                 64             1                       5
34                 78             1                       2
34                 81             3                       6
34                 83             3                       1
34                 91             3                       7
34                 93             2                       6
34                 94             3                       2
35                 10             2                       8
35                 17             2                       4
35                 23             0                       1
35                 45             0                       1
35                 49             3                       3
35                 54             1                       1
35                 62             4                       2
35                 63             3                       5
35                 77             4                       4
35                 79             4                       6
36                 13             1                       5
36                 20             1                       5
36                 29             2                       10
36                 57             1                       10
36                 85             1                       8
36                 88             4                       10
36                 91             0                       4
36                 95             0                       5
36                 99             0                       8
36                 100             1                       3
37                 7             2                       2
37                 12             2                       10
37                 19             3                       2
37                 27             2                       6
37                 67             2                       5
37                 71             2                       4
37                 79             2                       9
37                 83             4                       6
37                 84             3                       1
37                 85             3                       9
38                 9             4                       7
38                 60             2                       7
38                 73             1                       2
38                 81             0                       5
38                 82             3                       4
38                 86             1                       4
38                 92             3                       4
38                 93             4                       10
38                 98             4                       10
38                 99             0                       7
39                 6             1                       2
39                 10             3                       9
39                 15             2                       6
39                 28             0                       7
39                 30             0                       10
39                 44             4                       4
39                 47             3                       3
39                 48             2                       2
39                 57             1                       4
39                 70             1                       1
40                 12             3                       5
40                 43             0                       1
40                 55             0                       9
40                 61             2                       4
40                 76             1                       5
40                 84             2                       7
40                 93             1                       2
40                 94             4                       3
40                 95             1                       1
40                 97             4                       7
41                 2             3                       8
41                 13             3                       1
41                 23             1                       7
41                 69             2                       5
41                 77             3                       7
41                 81             4                       7
41                 85             4                       10
41                 92             4                       8
41                 97             1                       1
41                 98             1                       4
42                 7             4                       9
42                 11             1                       3
42                 12             1                       3
42                 32             3                       10
42                 50             2                       6
42                 54             1                       2
42                 64             2                       6
42                 72             2                       3
42                 73             0                       3
42                 89             1                       6
43                 8             4                       4
43                 18             4                       8
43                 19             3                       1
43                 24             3                       9
43                 36             4                       4
43                 39             4                       2
43                 40             4                       3
43                 57             2                       5
43                 70             0                       2
43                 73             2                       8
44                 1             2                       3
44                 5             4                       4
44                 6             4                       5
44                 29             0                       4
44                 30             4                       1
44                 35             3                       4
44                 40             4                       4
44                 45             2                       3
44                 59             0                       9
44                 60             1                       5
45                 1             0                       4
45                 15             3                       7
45                 19             1                       6
45                 25             4                       9
45                 26             3                       10
45                 29             2                       5
45                 41             3                       1
45                 72             1                       10
45                 74             2                       9
45                 75             0                       1
46                 2             2                       9
46                 16             0                       4
46                 20             4                       7
46                 21             1                       7
46                 34             3                       5
46                 35             2                       6
46                 54             0                       7
46                 58             4                       2
46                 81             3                       9
46                 84             3                       5
47                 6             0                       3
47                 17             4                       5
47                 21             1                       3
47                 31             1                       8
47                 38             1                       1
47                 45             4                       6
47                 65             2                       9
47                 66             0                       2
47                 72             2                       9
47                 92             4                       9
48                 12             3                       6
48                 22             2                       6
48                 28             4                       8
48                 31             4                       9
48                 35             0                       1
48                 37             1                       3
48                 42             2                       5
48                 46             4                       1
48                 51             4                       4
48                 69             0                       2
49                 3             0                       6
49                 8             3                       3
49                 40             0                       5
49                 49             4                       4
49                 53             3                       5
49                 62             1                       8
49                 77             2                       5
49                 78             4                       3
49                 84             3                       8
49                 89             0                       1
50                 5             2                       7
50                 11             4                       1
50                 28             1                       4
50                 35             1                       9
50                 50             3                       8
50                 54             0                       3
50                 64             1                       7
50                 74             2                       7
50                 76             0                       10
50                 82             4                       8
51                 14             2                       1
51                 19             3                       7
51                 21             0                       10
51                 32             3                       6
51                 37             4                       8
51                 44             0                       1
51                 60             3                       1
51                 70             3                       6
51                 72             0                       1
51                 76             2                       9
52                 2             0                       1
52                 9             4                       8
52                 10             1                       4
52                 16             3                       3
52                 17             1                       3
52                 44             3                       10
52                 48             0                       8
52                 52             4                       1
52                 55             4                       2
52                 62             4                       9
53                 30             2                       4
53                 35             3                       10
53                 36             4                       9
53                 37             3                       1
53                 41             4                       6
53                 45             2                       2
53                 47             4                       1
53                 52             0                       8
53                 68             0                       7
53                 71             2                       9
54                 10             1                       6
54                 13             4                       6
54                 17             3                       10
54                 20             3                       8
54                 41             0                       7
54                 48             0                       6
54                 67             2                       6
54                 68             4                       1
54                 80             0                       10
54                 82             4                       1
55                 4             4                       3
55                 8             2                       10
55                 24             3                       4
55                 25             1                       6
55                 33             3                       7
55                 56             0                       8
55                 84             1                       9
55                 85             1                       4
55                 86             1                       8
55                 87             1                       5
56                 8             3                       7
56                 10             0                       2
56                 37             2                       2
56                 38             2                       2
56                 39             0                       3
56                 47             4                       8
56                 71             4                       10
56                 74             2                       1
56                 83             3                       7
56                 100             3                       4
57                 2             2                       6
57                 14             2                       5
57                 26             2                       8
57                 36             1                       10
57                 41             4                       8
57                 45             3                       8
57                 50             1                       2
57                 62             4                       10
57                 88             3                       9
57                 95             0                       2
58                 1             0                       6
58                 5             4                       1
58                 11             3                       7
58                 14             4                       7
58                 30             0                       2
58                 52             4                       9
58                 59             4                       6
58                 74             4                       6
58                 81             1                       4
58                 91             1                       5
59                 11             4                       4
59                 13             2                       7
59                 16             0                       5
59                 28             4                       5
59                 48             4                       10
59                 50             2                       9
59                 51             1                       10
59                 60             4                       3
59                 61             3                       7
59                 65             3                       10
60                 5             2                       5
60                 14             4                       9
60                 24             4                       5
60                 26             3                       9
60                 30             3                       5
60                 49             2                       5
60                 58             3                       1
60                 75             2                       6
60                 79             3                       1
60                 82             2                       2
61                 24             4                       6
61                 34             0                       6
61                 54             0                       4
61                 56             1                       9
61                 66             1                       3
61                 89             1                       7
61                 92             1                       10
61                 98             0                       3
61                 99             4                       2
61                 100             2                       6
62                 5             0                       2
62                 11             4                       6
62                 14             1                       2
62                 37             3                       9
62                 38             4                       6
62                 52             2                       2
62                 56             3                       10
62                 67             0                       1
62                 68             0                       8
62                 72             0                       2
63                 7             0                       10
63                 36             3                       2
63                 39             4                       9
63                 47             4                       9
63                 55             3                       7
63                 57             0                       6
63                 58             3                       6
63                 65             1                       3
63                 66             3                       7
63                 67             0                       2
64                 36             0                       3
64                 53             0                       2
64                 57             1                       8
64                 64             1                       9
64                 82             2                       5
64                 87             1                       8
64                 88             2                       1
64                 90             2                       5
64                 91             4                       10
64                 92             3                       7
65                 3             0                       9
65                 27             4                       10
65                 31             1                       5
65                 42             3                       10
65                 66             3                       8
65                 84             2                       10
65                 85             3                       5
65                 87             3                       3
65                 92             1                       3
65                 94             1                       4
66                 1             4                       8
66                 5             4                       10
66                 21             3                       8
66                 23             2                       8
66                 26             1                       2
66                 32             0                       2
66                 36             2                       6
66                 39             2                       5
66                 55             2                       5
66                 62             4                       3
67                 13             3                       4
67                 17             0                       2
67                 22             3                       7
67                 24             1                       2
67                 33             1                       9
67                 41             3                       9
67                 59             3                       7
67                 69             2                       6
67                 83             4                       10
67                 88             1                       2
68                 7             0                       3
68                 21             2                       4
68                 29             3                       6
68                 37             3                       5
68                 38             0                       3
68                 47             4                       10
68                 54             3                       10
68                 67             2                       3
68                 70             4                       10
68                 78             2                       4
69                 8             1                       8
69                 15             1                       4
69                 25             1                       2
69                 28             3                       9
69                 41             4                       10
69                 60             4                       8
69                 66             4                       5
69                 68             2                       6
69                 80             1                       2
69                 82             4                       9
70                 28             3                       6
70                 29             3                       2
70                 34             3                       7
70                 38             4                       10
70                 60             4                       9
70                 74             0                       2
70                 78             1                       5
70                 83             1                       2
70                 90             1                       6
70                 96             2                       5
71                 14             4                       10
71                 16             0                       6
71                 19             0                       8
71                 56             3                       3
71                 58             4                       9
71                 64             0                       1
71                 80             4                       3
71                 86             2                       9
71                 87             4                       10
71                 89             1                       2
72                 1             0                       9
72                 3             1                       4
72                 9             0                       9
72                 13             4                       9
72                 15             0                       10
72                 19             1                       3
72                 31             3                       3
72                 33             1                       4
72                 53             4                       6
72                 55             4                       3
73                 11             1                       5
73                 17             0                       6
73                 32             0                       3
73                 43             1                       3
73                 47             0                       2
73                 51             1                       5
73                 59             4                       10
73                 68             3                       5
73                 71             3                       6
73                 73             0                       5
74                 5             0                       3
74                 18             4                       9
74                 22             3                       8
74                 42             0                       6
74                 72             1                       4
74                 74             3                       8
74                 81             4                       10
74                 87             2                       6
74                 97             3                       5
74                 99             1                       5
75                 3             4                       10
75                 9             1                       5
75                 11             0                       2
75                 21             2                       5
75                 39             2                       10
75                 48             0                       3
75                 54             1                       5
75                 60             2                       6
75                 64             0                       2
75                 75             4                       10
76                 4             4                       9
76                 6             1                       6
76                 19             3                       9
76                 20             4                       9
76                 25             4                       10
76                 38             1                       4
76                 52             2                       6
76                 53             3                       8
76                 74             4                       10
76                 94             0                       5
77                 7             1                       8
77                 32             0                       4
77                 44             3                       8
77                 48             3                       9
77                 78             1                       6
77                 90             0                       2
77                 91             4                       2
77                 94             2                       8
77                 95             0                       3
77                 99             4                       9
78                 7             1                       6
78                 13             1                       2
78                 20             4                       10
78                 30             2                       6
78                 32             3                       7
78                 43             4                       8
78                 45             1                       4
78                 56             2                       6
78                 58             1                       3
78                 61             1                       5
79                 1             0                       5
79                 49             0                       1
79                 55             2                       6
79                 57             3                       9
79                 59             0                       2
79                 68             4                       9
79                 76             1                       6
79                 89             4                       10
79                 99             1                       3
79                 100             3                       2
80                 61             3                       8
80                 62             3                       4
80                 64             1                       10
80                 69             4                       7
80                 79             1                       3
80                 86             0                       1
80                 95             4                       6
80                 96             3                       6
80                 97             1                       6
80                 99             2                       6
81                 1             4                       10
81                 52             2                       7
81                 53             0                       3
81                 54             0                       8
81                 61             0                       9
81                 65             0                       2
81                 70             2                       3
81                 75             1                       3
81                 80             2                       6
81                 82             4                       10
82                 9             3                       6
82                 20             4                       6
82                 38             1                       7
82                 55             0                       4
82                 65             0                       4
82                 78             1                       8
82                 79             4                       10
82                 88             3                       5
82                 93             3                       7
82                 96             2                       7
83                 50             2                       10
83                 52             4                       10
83                 72             2                       7
83                 80             2                       7
83                 91             3                       8
83                 96             4                       9
83                 97             4                       10
83                 98             4                       8
83                 99             4                       10
83                 100             1                       5
84                 22             2                       10
84                 58             4                       10
84                 63             0                       2
84                 69             2                       8
84                 72             3                       8
84                 78             1                       9
84                 81             0                       2
84                 84             1                       2
84                 96             0                       2
84                 97             1                       8
85                 2             2                       3
85                 3             1                       7
85                 9             3                       10
85                 18             0                       10
85                 23             2                       10
85                 34             3                       8
85                 38             2                       8
85                 53             2                       7
85                 65             3                       5
85                 68             4                       10
86                 6             0                       7
86                 20             2                       1
86                 26             1                       3
86                 31             4                       10
86                 51             1                       6
86                 63             2                       6
86                 66             0                       6
86                 67             4                       7
86                 68             1                       4
86                 75             2                       8
87                 3             0                       8
87                 6             2                       9
87                 10             4                       10
87                 20             1                       3
87                 23             1                       4
87                 33             0                       10
87                 42             0                       2
87                 68             4                       2
87                 69             4                       10
87                 71             1                       1
88                 15             4                       8
88                 23             1                       5
88                 28             4                       10
88                 45             3                       9
88                 50             2                       7
88                 51             0                       2
88                 56             1                       4
88                 60             4                       10
88                 62             3                       5
88                 70             0                       4
89                 5             3                       6
89                 13             1                       3
89                 16             4                       8
89                 24             4                       10
89                 48             2                       4
89                 51             0                       3
89                 60             2                       4
89                 78             4                       10
89                 87             3                       4
89                 90             0                       3
90                 4             2                       10
90                 8             0                       1
90                 12             0                       2
90                 27             3                       8
90                 29             2                       7
90                 47             2                       6
90                 51             4                       8
90                 72             4                       5
90                 77             0                       8
90                 80             1                       5
91                 16             4                       9
91                 29             2                       8
91                 37             4                       10
91                 48             0                       5
91                 49             4                       9
91                 53             2                       9
91                 66             4                       10
91                 84             1                       3
91                 86             4                       2
91                 89             2                       8
92                 2             3                       10
92                 30             4                       3
92                 36             3                       8
92                 56             1                       5
92                 61             4                       10
92                 63             3                       7
92                 74             0                       3
92                 79             1                       4
92                 87             3                       9
92                 95             3                       7
93                 8             3                       9
93                 42             1                       7
93                 45             0                       7
93                 54             1                       9
93                 56             3                       2
93                 68             0                       3
93                 81             4                       3
93                 83             3                       8
93                 89             4                       3
93                 90             1                       8
94                 6             1                       8
94                 8             2                       5
94                 16             4                       10
94                 19             3                       10
94                 34             1                       9
94                 35             0                       2
94                 41             3                       2
94                 76             1                       7
94                 79             0                       2
94                 87             0                       1
95                 2             3                       7
95                 10             3                       7
95                 40             2                       6
95                 57             1                       7
95                 61             3                       3
95                 63             1                       8
95                 88             2                       6
95                 93             3                       3
95                 95             3                       8
95                 96             0                       10
96                 16             3                       7
96                 24             0                       1
96                 29             1                       3
96                 31             2                       6
96                 37             4                       6
96                 65             3                       6
96                 70             1                       7
96                 78             0                       7
96                 83             3                       3
96                 86             4                       10
97                 3             0                       5
97                 9             4                       1
97                 25             1                       7
97                 26             3                       5
97                 49             4                       10
97                 52             2                       3
97                 53             1                       4
97                 76             1                       2
97                 84             2                       6
97                 91             1                       6
98                 4             3                       5
98                 13             4                       10
98                 15             2                       3
98                 23             1                       9
98                 24             2                       7
98                 26             1                       4
98                 28             0                       2
98                 30             2                       7
98                 33             4                       5
98                 35             1                       7
99                 12             4                       7
99                 17             3                       8
99                 38             1                       5
99                 43             4                       10
99                 46             4                       10
99                 73             4                       10
99                 93             3                       8
99                 96             0                       3
99                 97             0                       2
99                 98             1                       5
100                 9             0                       2
100                 22             0                       2
100                 34             3                       10
100                 37             3                       7
100                 40             4                       10
100                 55             4                       10
100                 63             3                       9
100                 90             0                       4
100                 94             0                       6
100                 97             0                       3