14
1                 7             0                       5
1                 26             4                       4
1                 28             2                       1
1                 29             3                       1
1                 31             3                       1
1                 37             0                       7
1                 42             4                       1
1                 44             3                       8
1                 54             2                       8
1                 79             0                       4
2                 12             2                       8
2                 13             0                       8
2                 32             0                       5
2                 44             0                       9
2                 56             1                       9
2                 60             2                       1
2                 70             4                       5
2                 82             0                       8
2                 85             4                       1
2                 86             1                       4
3                 4             4                       6
3                 8             2                       1
3                 10             1                       6
3                 11             4                       5
3                 22             2                       1
3                 29             0                       8
3                 32             4                       6
3                 41             1                       7
3                 65             0                       9
3                 76             0                       8
4                 1             4                       3
4                 5             0                       7
4                 18             1                       7
4                 36             1                       2
4                 39             2                       1
4                 57             1                       5
4                 58             3                       5
4                 62             4                       1
4                 66             2                       9
4                 71             3                       9
5                 19             3                       1
5                 32             2                       1
5                 61             4                       3
5                 63             0                       4
5                 78             2                       1
5                 80             0                       4
5                 87             1                       6
5                 92             0                       6
5                 93             1                       1
5                 97             2                       1
6                 11             1                       9
6                 13             4                       5
6                 27             2                       2
6                 36             3                       6
6                 41             3                       3
6                 44             0                       3
6                 47             4                       6
6                 60             3                       9
6                 84             0                       9
6                 88             3                       1
7                 8             0                       5
7                 15             2                       4
7                 40             0                       10
7                 42             3                       7
7                 44             1                       4
7                 47             3                       3
7                 49             3                       5
7                 59             0                       9
7                 72             1                       10
7                 73             2                       5
8                 15             0                       7
8                 36             3                       1
8                 43             3                       3
8                 50             1                       7
8                 64             4                       1
8                 65             2                       6
8                 68             2                       1
8                 71             0                       3
8                 74             2                       6
8                 91             3                       7
9                 16             0                       9
9                 57             3                       6
9                 66             1                       10
9                 68             1                       3
9                 70             3                       2
9                 78             2                       2
9                 79             3                       1
9                 85             1                       9
9                 89             3                       8
9                 94             3                       1
10                 21             1                       9
10                 24             3                       3
10                 30             1                       7
10                 47             0                       7
10                 55             0                       4
10                 59             2                       1
10                 69             4                       1
10                 71             1                       6
10                 80             0                       5
10                 84             0                       1
11                 12             1                       4
11                 21             0                       6
11                 23             0                       7
11                 35             0                       9
11                 37             1                       8
11                 43             2                       1
11                 51             1                       5
11                 58             4                       6
11                 69             4                       4
11                 71             1                       1
12                 14             2                       1
12                 21             1                       1
12                 25             4                       1
12                 43             4                       2
12                 49             1                       1
12                 74             3                       5
12                 87             1                       1
12                 93             2                       4
12                 94             3                       10
12                 98             1                       7
13                 4             3                       8
13                 11             0                       6
13                 21             0                       8
13                 23             2                       1
13                 39             0                       5
13                 44             2                       5
13                 71             4                       7
13                 90             2                       1
13                 94             2                       6
13                 95             4                       1
14                 2             1                       3
14                 8             0                       9
14                 10             1                       4
14                 11             0                       1
14                 17             3                       3
14                 23             1                       2
14                 37             1                       1
14                 50             0                       4
14                 56             0                       7
14                 67             0                       7
15                 9             3                       1
15                 17             0                       8
15                 27             4                       6
15                 34             3                       10
15                 37             1                       3
15                 51             2                       10
15                 52             4                       4
15                 57             1                       8
15                 65             2                       10
15                 77             1                       7
16                 2             3                       1
16                 17             1                       10
16                 27             3                       7
16                 30             4                       1
16                 31             1                       6
16                 44             4                       10
16                 55             1                       1
16                 56             2                       5
16                 57             2                       2
16                 59             0                       5
17                 4             4                       7
17                 26             2                       8
17                 42             3                       8
17                 46             0                       6
17                 48             0                       3
17                 49             1                       2
17                 64             1                       2
17                 67             2                       1
17                 74             0                       7
17                 97             0                       7
18                 7             4                       1
18                 31             4                       8
18                 38             3                       1
18                 40             1                       6
18                 43             1                       9
18                 72             0                       3
18                 73             3                       1
18                 75             4                       5
18                 82             4                       3
18                 85             0                       7
19                 2             3                       5
19                 3             4                       6
19                 19             4                       4
19                 22             2                       3
19                 30             4                       6
19                 32             2                       2
19                 33             4                       3
19                 38             3                       7
19                 46             0                       9
19                 48             2                       10
20                 3             3                       1
20                 12             4                       5
20                 30             1                       4
20                 42             4                       3
20                 45             2                       8
20                 49             1                       9
20                 53             3                       1
20                 71             0                       2
20                 80             2                       3
20                 90             0                       4
21                 6             4                       3
21                 12             3                       9
21                 18             4                       2
21                 23             1                       4
21                 24             2                       6
21                 26             2                       3
21                 33             1                       4
21                 40             2                       1
21                 52             1                       1
21                 54             4                       1
22                 6             3                       2
22                 9             0                       7
22                 30             3                       8
22                 32             0                       7
22                 33             4                       5
22                 46             2                       7
22                 51             1                       6
22                 53             2                       10
22                 60             3                       2
22                 61             0                       7
23                 13             2                       9
23                 14             1                       7
23                 15             0                       8
23                 28             2                       2
23                 30             2                       2
23                 46             3                       1
23                 68             1                       4
23                 72             3                       5
23                 77             4                       6
23                 93             1                       7
24                 23             0                       5
24                 31             1                       9
24                 36             4                       3
24                 37             0                       4
24                 38             2                       9
24                 45             1                       4
24                 62             0                       9
24                 90             4                       3
24                 95             3                       2
24                 99             2                       1
25                 3             1                       7
25                 5             1                       8
25                 13             2                       10
25                 19             3                       9
25                 20             0                       5
25                 34             1                       3
25                 38             0                       2
25                 45             4                       5
25                 59             4                       6
25                 77             0                       4
26                 18             4                       3
26                 36             3                       4
26                 53             1                       7
26                 60             4                       7
26                 86             2                       3
26                 91             3                       4
26                 92             3                       1
26                 94             3                       7
26                 96             3                       1
26                 98             4                       4
27                 3             3                       8
27                 10             4                       7
27                 35             0                       10
27                 46             4                       8
27                 58             0                       7
27                 62             4                       5
27                 78             1                       4
27                 83             2                       3
27                 88             1                       5
27                 89             3                       9
28                 6             3                       5
28                 19             2                       2
28                 24             2                       7
28                 33             2                       9
28                 40             0                       2
28                 42             4                       9
28                 53             4                       4
28                 70             2                       7
28                 86             3                       6
28                 88             3                       2
29                 6             3                       6
29                 19             4                       3
29                 49             0                       6
29                 51             0                       1
29                 59             1                       4
29                 60             1                       3
29                 73             2                       8
29                 83             2                       1
29                 93             1                       8
29                 96             4                       2
30                 7             4                       6
30                 17             2                       6
30                 26             0                       1
30                 32             3                       8
30                 53             3                       8
30                 54             1                       5
30                 67             2                       6
30                 73             1                       2
30                 74             3                       1
30                 79             1                       2
31                 18             0                       4
31                 31             3                       3
31                 32             2                       10
31                 43             1                       4
31                 49             0                       7
31                 53             1                       9
31                 55             1                       2
31                 76             4                       1
31                 85             2                       6
31                 88             3                       3
32                 2             3                       4
32                 13             0                       1
32                 21             2                       2
32                 24             3                       4
32                 26             1                       5
32                 46             1                       4
32                 52             1                       2
32                 53             2                       5
32                 59             3                       7
32                 61             2                       1
33                 7             4                       8
33                 10             2                       1
33                 13             2                       6
33                 19             3                       5
33                 24             3                       1
33                 28             3                       4
33                 29             3                       2
33                 34             3                       1
33                 43             4                       10
33                 53             1                       2
34                 22             1                       5
34                 33             2                       1
34                 38             0                       6
34                 50             4                       1
34                 55             0                       8
34                 87             3                       2
34                 90             0                       6
34                 93             0                       5
34                 94             4                       8
34                 95             0                       10
35                 10             4                       5
35                 15             4                       1
35                 16             2                       10
35                 22             4                       8
35                 42             0                       10
35                 61             4                       8
35                 64             1                       3
35                 74             0                       9
35                 78             0                       5
35                 91             0                       8
36                 6             3                       1
36                 30             2                       5
36                 45             4                       2
36                 64             1                       8
36                 69             4                       2
36                 84             0                       8
36                 87             3                       7
36                 95             2                       4
36                 96             4                       6
36                 100             4                       1
37                 7             0                       9
37                 8             0                       6
37                 14             4                       8
37                 25             1                       8
37                 41             3                       4
37                 42             3                       4
37                 64             4                       4
37                 74             1                       4
37                 77             2                       1
37                 81             4                       5
38                 5             4                       6
38                 8             2                       2
38                 15             4                       2
38                 24             3                       8
38                 35             0                       5
38                 39             1                       2
38                 41             1                       6
38                 44             4                       6
38                 56             0                       6
38                 63             4                       5
39                 1             3                       4
39                 9             1                       9
39                 12             3                       1
39                 35             4                       1
39                 39             2                       9
39                 41             0                       1
39                 46             2                       10
39                 65             4                       2
39                 70             4                       8
39                 73             4                       9
40                 4             2                       9
40                 6             0                       7
40                 19             2                       6
40                 20             1                       1
40                 21             0                       3
40                 33             1                       2
40                 47             3                       9
40                 55             3                       9
40                 63             2                       9
40                 74             0                       2
41                 3             0                       2
41                 5             0                       1
41                 11             2                       2
41                 27             3                       8
41                 31             0                       7
41                 35             1                       2
41                 56             2                       1
41                 60             1                       8
41                 78             3                       9
41                 84             2                       2
42                 27             4                       9
42                 36             3                       7
42                 41             0                       2
42                 53             2                       6
42                 70             1                       9
42                 76             1                       9
42                 79             0                       9
42                 82             1                       9
42                 84             0                       3
42                 86             2                       7
43                 2             2                       6
43                 15             4                       9
43                 22             0                       2
43                 33             2                       6
43                 38             1                       3
43                 43             2                       5
43                 50             4                       9
43                 55             0                       5
43                 58             2                       10
43                 67             1                       8
44                 12             3                       6
44                 18             1                       8
44                 22             3                       9
44                 23             0                       6
44                 36             4                       8
44                 39             0                       3
44                 45             2                       6
44                 54             1                       2
44                 68             4                       8
44                 76             0                       2
45                 3             3                       5
45                 4             3                       10
45                 7             3                       2
45                 10             3                       2
45                 12             4                       3
45                 18             4                       9
45                 27             4                       10
45                 29             3                       3
45                 39             4                       10
45                 46             0                       2
46                 41             2                       5
46                 46             1                       5
46                 47             0                       1
46                 48             2                       1
46                 50             2                       8
46                 61             1                       9
46                 63             2                       1
46                 71             3                       8
46                 72             3                       8
46                 75             2                       7
47                 21             0                       4
47                 24             0                       9
47                 42             3                       5
47                 44             3                       7
47                 45             4                       9
47                 50             0                       2
47                 64             4                       5
47                 97             0                       8
47                 98             2                       9
47                 99             1                       2
48                 1             0                       2
48                 8             2                       7
48                 38             0                       4
48                 39             1                       4
48                 44             1                       1
48                 54             0                       9
48                 60             2                       5
48                 78             3                       10
48                 83             0                       8
48                 90             4                       2
49                 19             3                       7
49                 29             0                       9
49                 31             1                       4
49                 40             2                       7
49                 51             2                       3
49                 52             0                       5
49                 58             3                       1
49                 69             4                       5
49                 72             4                       4
49                 78             2                       6
50                 13             0                       2
50                 16             4                       5
50                 34             3                       5
50                 43             2                       7
50                 67             2                       10
50                 70             0                       1
50                 72             2                       6
50                 74             4                       3
50                 82             1                       10
50                 89             4                       4
51                 1             4                       8
51                 6             2                       9
51                 7             3                       10
51                 34             1                       6
51                 37             3                       2
51                 56             4                       10
51                 65             3                       3
51                 68             3                       9
51                 81             2                       6
51                 87             2                       3
52                 7             3                       7
52                 20             4                       2
52                 25             1                       9
52                 28             2                       5
52                 34             3                       7
52                 35             2                       8
52                 41             1                       8
52                 48             3                       4
52                 74             4                       10
52                 83             0                       5
53                 28             0                       6
53                 46             2                       3
53                 48             3                       6
53                 67             4                       9
53                 76             0                       10
53                 77             2                       5
53                 83             4                       2
53                 85             0                       10
53                 92             0                       9
53                 94             3                       5
54                 27             4                       4
54                 28             0                       7
54                 31             0                       2
54                 42             4                       6
54                 54             1                       3
54                 72             1                       1
54                 75             0                       8
54                 77             1                       2
54                 79             4                       3
54                 82             4                       1
55                 22             2                       6
55                 32             1                       3
55                 38             2                       8
55                 51             3                       7
55                 54             2                       4
55                 63             3                       2
55                 75             4                       9
55                 85             3                       2
55                 89             3                       10
55                 91             2                       1
56                 1             2                       5
56                 11             0                       3
56                 17             2                       7
56                 18             2                       1
56                 43             3                       8
56                 50             1                       3
56                 61             2                       4
56                 67             0                       2
56                 75             0                       1
56                 76             2                       5
57                 3             0                       3
57                 8             3                       3
57                 20             1                       6
57                 44             4                       2
57                 45             2                       3
57                 50             0                       10
57                 70             4                       10
57                 82             3                       6
57                 85             3                       8
57                 87             4                       10
58                 33             2                       7
58                 37             1                       5
58                 50             1                       5
58                 71             4                       10
58                 75             0                       2
58                 78             2                       3
58                 81             0                       7
58                 89             3                       5
58                 93             4                       10
58                 94             0                       9
59                 20             0                       9
59                 24             2                       5
59                 69             4                       6
59                 80             1                       6
59                 81             2                       8
59                 83             3                       7
59                 95             2                       3
59                 98             4                       2
59                 99             0                       6
59                 100             0                       9
60                 10             2                       8
60                 16             2                       1
60                 22             0                       7
60                 48             3                       7
60                 82             3                       7
60                 91             0                       2
60                 97             2                       2
60                 98             2                       5
60                 99             2                       3
60                 100             1                       7
61                 6             1                       8
61                 49             0                       3
61                 56             1                       3
61                 61             4                       10
61                 63             1                       8
61                 64             1                       9
61                 75             1                       10
61                 80             3                       8
61                 81             0                       9
61                 82             4                       4
62                 4             4                       4
62                 20             2                       8
62                 26             3                       6
62                 39             4                       6
62                 64             1                       6
62                 66             4                       3
62                 75             3                       6
62                 84             4                       4
62                 90             1                       7
62                 94             0                       2
63                 13             4                       7
63                 14             3                       9
63                 16             3                       8
63                 31             4                       5
63                 48             4                       5
63                 59             4                       2
63                 66             3                       4
63                 71             2                       4
63                 72             2                       7
63                 82             2                       5
64                 5             4                       4
64                 14             4                       10
64                 17             1                       9
64                 20             0                       3
64                 40             0                       8
64                 41             3                       9
64                 59             0                       3
64                 61             2                       5
64                 62             3                       6
64                 81             0                       1
65                 3             0                       9
65                 5             2                       9
65                 6             4                       10
65                 14             1                       4
65                 21             4                       10
65                 29             1                       4
65                 30             4                       9
65                 32             1                       4
65                 36             4                       9
65                 45             0                       1
66                 23             3                       8
66                 65             4                       1
66                 76             4                       3
66                 80             2                       1
66                 84             0                       10
66                 86             3                       8
66                 95             1                       5
66                 96             4                       3
66                 99             0                       4
66                 100             0                       10
67                 23             4                       10
67                 25             0                       2
67                 33             2                       10
67                 35             1                       6
67                 47             2                       4
67                 49             3                       10
67                 52             4                       9
67                 53             3                       3
67                 60             4                       10
67                 76             3                       7
68                 3             3                       10
68                 12             4                       10
68                 20             0                       7
68                 21             3                       7
68                 37             4                       10
68                 51             2                       8
68                 68             3                       6
68                 80             2                       2
68                 91             2                       9
68                 96             2                       7
69                 2             2                       2
69                 9             4                       5
69                 24             4                       10
69                 37             3                       9
69                 48             2                       8
69                 57             3                       3
69                 79             2                       6
69                 85             1                       3
69                 91             0                       3
69                 92             0                       2
70                 34             2                       2
70                 49             2                       8
70                 55             3                       3
70                 65             2                       4
70                 81             2                       2
70                 86             3                       1
70                 97             3                       3
70                 98             3                       3
70                 99             0                       7
70                 100             2                       5
71                 9             4                       10
71                 11             1                       7
71                 35             1                       7
71                 48             1                       2
71                 59             2                       10
71                 60             0                       6
71                 62             1                       7
71                 66             1                       5
71                 79             3                       7
71                 89             4                       6
72                 1             2                       9
72                 16             4                       2
72                 47             3                       2
72                 51             2                       9
72                 58             0                       2
72                 64             1                       10
72                 69             4                       7
72                 88             1                       6
72                 89             0                       1
72                 91             1                       10
73                 9             0                       2
73                 10             4                       9
73                 30             4                       10
73                 38             0                       5
73                 56             3                       2
73                 57             0                       1
73                 63             2                       6
73                 69             4                       3
73                 79             4                       10
73                 92             4                       3
74                 5             0                       2
74                 9             3                       3
74                 10             1                       3
74                 14             4                       2
74                 15             0                       3
74                 27             0                       1
74                 29             2                       7
74                 40             2                       4
74                 56             4                       4
74                 63             4                       10
75                 16             2                       6
75                 18             3                       5
75                 48             3                       9
75                 52             1                       10
75                 55             3                       10
75                 73             3                       6
75                 83             4                       9
75                 84             4                       5
75                 92             2                       4
75                 96             2                       8
76                 5             4                       10
76                 59             3                       8
76                 63             1                       3
76                 77             4                       8
76                 88             1                       7
76                 96             4                       9
76                 97             1                       5
76                 98             1                       10
76                 99             4                       9
76                 100             1                       6
77                 8             4                       10
77                 22             4                       10
77                 26             4                       9
77                 41             3                       10
77                 66             4                       6
77                 71             1                       5
77                 73             1                       7
77                 83             4                       10
77                 85             4                       4
77                 89             2                       3
78                 5             1                       5
78                 18             3                       6
78                 27             1                       3
78                 30             1                       3
78                 47             1                       8
78                 52             2                       7
78                 58             0                       3
78                 62             3                       3
78                 77             4                       9
78                 79             1                       5
79                 4             1                       2
79                 11             1                       4
79                 28             0                       3
79                 34             3                       8
79                 52             3                       8
79                 57             2                       9
79                 68             4                       7
79                 84             1                       6
79                 86             0                       9
79                 88             4                       10
80                 1             1                       1
80                 17             1                       4
80                 22             1                       4
80                 36             4                       5
80                 69             2                       8
80                 89             0                       2
80                 93             2                       9
80                 95             3                       6
80                 97             3                       9
80                 100             0                       2
81                 9             0                       8
81                 11             0                       8
81                 13             0                       3
81                 14             1                       3
81                 15             4                       10
81                 17             3                       1
81                 19             3                       8
81                 24             1                       2
81                 25             0                       3
81                 29             1                       5
82                 2             0                       7
82                 8             1                       4
82                 19             2                       10
82                 23             3                       9
82                 32             3                       9
82                 38             0                       10
82                 62             3                       10
82                 68             4                       10
82                 77             4                       3
82                 80             3                       9
83                 26             2                       7
83                 27             4                       5
83                 33             2                       8
83                 43             2                       6
83                 51             0                       2
83                 54             4                       10
83                 65             3                       7
83                 66             0                       1
83                 73             4                       10
83                 95             1                       7
84                 1             3                       6
84                 4             1                       3
84                 7             1                       4
84                 40             2                       9
84                 58             0                       4
84                 81             2                       10
84                 87             1                       4
84                 90             4                       8
84                 92             1                       5
84                 94             0                       3
85                 2             4                       9
85                 4             0                       1
85                 6             2                       4
85                 17             0                       2
85                 37             3                       6
85                 58             3                       8
85                 62             2                       4
85                 81             2                       3
85                 85             1                       5
85                 86             3                       10
86                 4             2                       5
86                 28             2                       9
86                 51             2                       4
86                 52             0                       6
86                 61             0                       6
86                 65             2                       5
86                 83             1                       6
86                 86             3                       5
86                 90             4                       9
86                 93             2                       6
87                 16             0                       7
87                 28             2                       8
87                 39             3                       7
87                 45             3                       7
87                 47             4                       10
87                 57             2                       7
87                 58             1                       9
87                 75             0                       3
87                 91             1                       5
87                 93             0                       2
88                 1             3                       7
88                 7             0                       3
88                 10             4                       10
88                 16             0                       3
88                 21             0                       5
88                 28             3                       10
88                 62             0                       2
88                 64             1                       7
88                 67             0                       3
88                 70             4                       3
89                 26             2                       10
89                 29             0                       10
89                 50             2                       6
89                 91             1                       6
89                 92             0                       7
89                 96             3                       4
89                 97             0                       10
89                 98             2                       6
89                 99             1                       5
89                 100             4                       3
90                 25             0                       10
90                 35             0                       3
90                 76             2                       6
90                 83             1                       4
90                 95             3                       8
90                 96             4                       10
90                 97             1                       6
90                 98             3                       8
90                 99             4                       10
90                 100             0                       4
91                 5             4                       3
91                 14             4                       6
91                 25             2                       5
91                 42             0                       2
91                 56             3                       8
91                 57             3                       10
91                 76             4                       4
91                 80             2                       7
91                 84             1                       7
91                 93             0                       3
92                 12             1                       2
92                 34             4                       9
92                 40             3                       3
92                 87             3                       8
92                 95             3                       9
92                 96             0                       5
92                 97             0                       4
92                 98             0                       1
92                 99             3                       8
92                 100             2                       8
93                 11             4                       10
93                 18             4                       10
93                 20             1                       4
93                 36             4                       10
93                 39             3                       8
93                 40             1                       5
93                 54             4                       6
93                 60             1                       4
93                 61             3                       2
93                 62             3                       8
94                 9             0                       4
94                 16             1                       4
94                 25             0                       4
94                 68             2                       2
94                 70             1                       6
94                 72             0                       2
94                 80             4                       10
94                 87             0                       9
94                 88             3                       8
94                 94             0                       4
95                 1             4                       10
95                 3             0                       4
95                 14             2                       5
95                 25             2                       6
95                 29             1                       6
95                 31             4                       10
95                 35             3                       4
95                 55             2                       7
95                 66             0                       2
95                 82             0                       2
96                 8             2                       8
96                 9             2                       6
96                 15             1                       5
96                 49             0                       4
96                 55             1                       6
96                 67             0                       4
96                 69             2                       9
96                 72             2                       9
96                 73             3                       3
96                 81             0                       4
97                 2             4                       10
97                 13             3                       4
97                 17             4                       5
97                 47             2                       5
97                 54             3                       7
97                 66             2                       7
97                 67             0                       5
97                 75             3                       4
97                 77             3                       10
97                 78             1                       7
98                 25             1                       7
98                 45             1                       10
98                 63             2                       7
98                 69             2                       10
98                 78             2                       8
98                 79             0                       8
98                 86             0                       2
98                 89             4                       7
98                 90             3                       5
98                 92             4                       10
99                 2             3                       8
99                 12             3                       7
99                 23             1                       3
99                 52             0                       3
99                 57             1                       4
99                 66             1                       8
99                 68             2                       5
99                 73             4                       4
99                 87             0                       5
99                 88             3                       9
100                 15             2                       6
100                 20             4                       10
100                 26             0                       2
100                 34             2                       4
100                 65             3                       8
100                 70             1                       4
100                 74             3                       8
100                 88             2                       4
100                 90             4                       10
100                 92             3                       8