14
1                 4             4                       7
1                 31             0                       10
1                 35             4                       2
1                 41             1                       1
1                 80             2                       1
1                 83             3                       3
1                 92             0                       5
1                 93             2                       1
1                 99             2                       7
1                 100             1                       1
2                 7             4                       4
2                 9             4                       3
2                 16             0                       5
2                 19             2                       7
2                 51             3                       3
2                 77             3                       9
2                 89             4                       4
2                 92             1                       1
2                 93             4                       8
2                 96             0                       8
3                 1             0                       5
3                 44             3                       4
3                 56             3                       1
3                 62             2                       7
3                 67             2                       6
3                 69             1                       10
3                 71             0                       6
3                 84             4                       3
3                 89             0                       7
3                 97             3                       3
4                 4             0                       8
4                 14             4                       5
4                 21             2                       1
4                 47             1                       6
4                 61             1                       8
4                 71             3                       1
4                 74             1                       1
4                 83             0                       9
4                 92             4                       6
4                 94             0                       7
5                 1             1                       1
5                 5             4                       2
5                 21             2                       2
5                 30             1                       4
5                 48             1                       8
5                 63             3                       2
5                 69             1                       1
5                 75             3                       5
5                 78             3                       4
5                 79             2                       9
6                 2             1                       5
6                 16             0                       1
6                 21             0                       5
6                 25             2                       7
6                 36             3                       1
6                 43             3                       1
6                 46             4                       5
6                 50             2                       6
6                 65             3                       4
6                 73             0                       8
7                 2             1                       8
7                 6             1                       6
7                 24             0                       10
7                 28             0                       6
7                 37             1                       6
7                 45             4                       4
7                 52             4                       2
7                 64             0                       9
7                 69             3                       3
7                 78             3                       5
8                 18             0                       6
8                 33             1                       1
8                 49             4                       5
8                 52             1                       8
8                 53             4                       1
8                 58             1                       1
8                 61             0                       3
8                 62             2                       8
8                 65             1                       5
8                 67             2                       1
9                 25             1                       2
9                 26             3                       8
9                 27             4                       3
9                 47             2                       2
9                 55             4                       8
9                 61             2                       9
9                 78             2                       7
9                 81             2                       1
9                 87             0                       8
9                 91             1                       5
10                 13             1                       7
10                 15             1                       1
10                 16             2                       2
10                 17             2                       9
10                 20             0                       6
10                 39             2                       9
10                 43             1                       9
10                 58             1                       2
10                 59             2                       9
10                 75             0                       3
11                 2             3                       1
11                 3             4                       6
11                 29             2                       1
11                 32             4                       1
11                 44             4                       6
11                 46             2                       1
11                 72             0                       9
11                 77             3                       10
11                 78             0                       8
11                 79             3                       5
12                 9             1                       8
12                 11             3                       1
12                 13             3                       3
12                 21             4                       9
12                 35             1                       5
12                 37             3                       9
12                 46             3                       3
12                 47             3                       3
12                 49             1                       8
12                 53             1                       2
13                 12             0                       6
13                 13             1                       8
13                 17             0                       2
13                 20             0                       9
13                 24             1                       5
13                 39             4                       4
13                 40             3                       9
13                 66             1                       6
13                 68             3                       10
13                 84             3                       8
14                 10             4                       4
14                 14             1                       8
14                 42             4                       6
14                 48             2                       9
14                 53             1                       8
14                 65             0                       6
14                 66             2                       4
14                 73             4                       1
14                 80             4                       6
14                 95             3                       2
15                 6             0                       7
15                 28             3                       3
15                 31             1                       1
15                 38             3                       1
15                 42             3                       1
15                 68             1                       4
15                 69             0                       2
15                 71             0                       8
15                 75             4                       8
15                 78             2                       6
16                 3             1                       5
16                 31             1                       4
16                 32             1                       5
16                 34             2                       3
16                 36             0                       8
16                 70             1                       9
16                 76             2                       7
16                 78             3                       1
16                 81             1                       7
16                 82             3                       8
17                 1             3                       2
17                 13             0                       10
17                 18             3                       10
17                 61             2                       6
17                 62             4                       3
17                 64             2                       1
17                 65             3                       7
17                 85             1                       5
17                 88             0                       8
17                 93             3                       9
18                 2             3                       2
18                 6             4                       8
18                 12             4                       1
18                 17             2                       8
18                 25             3                       6
18                 29             0                       7
18                 32             2                       4
18                 40             4                       6
18                 47             4                       7
18                 53             1                       9
19                 2             2                       6
19                 43             4                       5
19                 50             0                       7
19                 60             0                       10
19                 61             0                       1
19                 64             0                       6
19                 72             4                       1
19                 83             3                       4
19                 85             4                       1
19                 90             1                       5
20                 3             3                       9
20                 19             2                       1
20                 27             0                       4
20                 54             0                       10
20                 55             3                       10
20                 74             0                       4
20                 89             0                       8
20                 94             0                       5
20                 96             2                       4
20                 98             0                       10
21                 10             2                       7
21                 11             4                       4
21                 22             4                       1
21                 43             0                       2
21                 48             3                       7
21                 51             3                       1
21                 55             0                       5
21                 66             0                       1
21                 73             4                       2
21                 81             1                       9
22                 7             0                       6
22                 16             0                       7
22                 38             3                       2
22                 39             3                       5
22                 42             0                       4
22                 44             3                       3
22                 52             3                       1
22                 54             4                       1
22                 67             3                       3
22                 72             1                       2
23                 14             1                       9
23                 32             0                       8
23                 51             3                       2
23                 59             1                       5
23                 60             3                       1
23                 65             1                       2
23                 68             2                       3
23                 71             4                       3
23                 95             1                       5
23                 98             0                       7
24                 1             1                       6
24                 7             2                       1
24                 9             0                       4
24                 42             0                       2
24                 59             1                       1
24                 71             4                       9
24                 79             4                       3
24                 86             3                       6
24                 87             4                       1
24                 91             2                       10
25                 20             4                       1
25                 22             2                       8
25                 40             3                       4
25                 45             3                       2
25                 49             1                       7
25                 58             3                       3
25                 62             0                       1
25                 65             3                       8
25                 79             3                       1
25                 86             4                       3
26                 14             2                       10
26                 20             4                       5
26                 23             2                       1
26                 29             2                       2
26                 41             4                       7
26                 52             1                       3
26                 72             4                       7
26                 76             0                       4
26                 79             4                       6
26                 89             2                       9
27                 3             4                       2
27                 4             1                       4
27                 15             3                       2
27                 20             3                       2
27                 26             4                       1
27                 39             2                       10
27                 54             0                       5
27                 63             1                       3
27                 66             2                       2
27                 69             3                       7
28                 11             4                       2
28                 21             0                       10
28                 71             1                       10
28                 72             0                       3
28                 79             0                       7
28                 83             0                       1
28                 86             4                       4
28                 87             3                       4
28                 91             2                       2
28                 94             4                       1
29                 3             0                       1
29                 14             4                       2
29                 18             1                       2
29                 19             3                       10
29                 20             3                       7
29                 21             4                       3
29                 25             0                       3
29                 29             0                       3
29                 32             0                       2
29                 46             3                       6
30                 11             1                       8
30                 15             4                       3
30                 20             3                       8
30                 38             3                       5
30                 84             1                       2
30                 86             4                       7
30                 92             0                       3
30                 98             4                       1
30                 99             4                       2
30                 100             0                       5
31                 1             1                       3
31                 11             3                       5
31                 12             2                       2
31                 14             2                       6
31                 15             0                       10
31                 46             0                       4
31                 71             4                       2
31                 74             0                       7
31                 81             3                       5
31                 90             4                       7
32                 16             4                       3
32                 46             2                       7
32                 56             1                       10
32                 57             1                       5
32                 69             3                       8
32                 87             3                       9
32                 92             2                       9
32                 96             2                       5
32                 98             0                       8
32                 99             1                       8
33                 29             0                       4
33                 50             3                       5
33                 67             2                       7
33                 73             2                       6
33                 77             4                       4
33                 86             2                       8
33                 87             0                       10
33                 88             2                       1
33                 93             2                       2
33                 99             2                       4
34                 8             4                       2
34                 22             4                       4
34                 34             0                       8
34                 38             0                       6
34                 45             3                       5
34                 68             2                       1
34                 72             2                       10
34                 74             1                       5
34                 93             0                       5
34                 99             0                       5
35                 18             4                       7
35                 30             2                       3
35                 35             2                       3
35                 36             1                       9
35                 44             0                       1
35                 51             3                       7
35                 76             3                       1
35                 93             0                       6
35                 95             4                       6
35                 96             0                       6
36                 1             0                       7
36                 5             0                       9
36                 23             4                       7
36                 41             1                       8
36                 48             1                       2
36                 52             0                       7
36                 66             2                       7
36                 85             4                       6
36                 89             2                       5
36                 93             0                       3
37                 17             2                       1
37                 29             0                       9
37                 31             1                       8
37                 34             1                       6
37                 47             3                       9
37                 50             4                       1
37                 58             0                       4
37                 60             2                       8
37                 79             1                       2
37                 80             2                       9
38                 26             1                       5
38                 40             1                       2
38                 49             3                       2
38                 58             3                       9
38                 76             3                       8
38                 82             1                       4
38                 83             1                       6
38                 85             4                       8
38                 88             4                       5
38                 91             3                       8
39                 7             0                       5
39                 11             4                       9
39                 30             3                       1
39                 33             0                       3
39                 48             3                       3
39                 52             4                       4
39                 59             3                       6
39                 90             3                       6
39                 93             2                       7
39                 94             0                       8
40                 5             2                       5
40                 9             0                       9
40                 15             0                       4
40                 16             0                       10
40                 19             3                       8
40                 34             0                       9
40                 35             1                       6
40                 50             0                       10
40                 53             1                       7
40                 61             3                       4
41                 1             0                       4
41                 8             1                       9
41                 9             2                       1
41                 13             4                       1
41                 32             2                       6
41                 37             0                       7
41                 51             0                       8
41                 64             2                       10
41                 68             0                       5
41                 75             0                       9
42                 12             4                       4
42                 21             3                       8
42                 41             0                       2
42                 42             3                       9
42                 45             3                       1
42                 50             1                       4
42                 54             2                       4
42                 56             2                       4
42                 57             0                       6
42                 61             3                       7
43                 18             1                       3
43                 19             1                       3
43                 33             3                       4
43                 47             1                       4
43                 56             2                       5
43                 58             0                       5
43                 62             4                       4
43                 69             4                       4
43                 80             0                       2
43                 91             2                       3
44                 8             2                       3
44                 9             3                       6
44                 22             3                       5
44                 27             4                       8
44                 30             3                       5
44                 41             0                       4
44                 50             0                       2
44                 56             0                       8
44                 58             1                       6
44                 69             1                       5
45                 8             1                       5
45                 13             2                       5
45                 34             3                       1
45                 35             0                       1
45                 39             2                       2
45                 49             1                       3
45                 60             0                       2
45                 81             0                       2
45                 82             4                       1
45                 83             1                       7
46                 26             1                       9
46                 34             4                       2
46                 35             4                       8
46                 46             4                       8
46                 50             3                       3
46                 56             2                       2
46                 65             2                       9
46                 76             2                       2
46                 80             0                       8
46                 81             2                       6
47                 3             1                       3
47                 4             3                       1
47                 8             4                       10
47                 14             3                       7
47                 23             3                       8
47                 28             0                       10
47                 37             3                       3
47                 77             0                       5
47                 80             3                       3
47                 81             0                       8
48                 28             3                       7
48                 34             1                       4
48                 36             1                       2
48                 63             3                       4
48                 73             3                       5
48                 77             0                       1
48                 89             4                       10
48                 90             0                       1
48                 95             3                       9
48                 96             2                       1
49                 6             3                       1
49                 7             3                       2
49                 9             4                       10
49                 30             3                       6
49                 55             2                       1
49                 57             2                       3
49                 62             4                       2
49                 70             1                       4
49                 73             0                       9
49                 89             4                       1
50                 17             4                       3
50                 21             0                       6
50                 23             3                       9
50                 44             2                       7
50                 59             0                       2
50                 67             3                       8
50                 78             2                       9
50                 81             3                       10
50                 84             4                       4
50                 90             3                       8
51                 6             3                       10
51                 18             1                       8
51                 26             1                       2
51                 27             2                       6
51                 32             4                       9
51                 36             4                       10
51                 43             3                       3
51                 69             0                       6
51                 73             4                       10
51                 78             1                       3
52                 1             0                       9
52                 12             4                       8
52                 27             0                       1
52                 36             0                       3
52                 43             4                       10
52                 54             2                       6
52                 55             2                       9
52                 58             1                       10
52                 82             1                       9
52                 83             2                       5
53                 8             3                       7
53                 19             3                       4
53                 23             2                       3
53                 24             3                       6
53                 25             1                       10
53                 41             0                       3
53                 60             4                       3
53                 67             1                       2
53                 70             2                       6
53                 73             3                       7
54                 10             3                       8
54                 24             2                       8
54                 37             4                       10
54                 66             1                       8
54                 74             0                       6
54                 92             2                       7
54                 94             1                       2
54                 97             4                       4
54                 99             4                       9
54                 100             1                       2
55                 7             3                       7
55                 39             1                       6
55                 43             0                       4
55                 51             0                       9
55                 56             0                       6
55                 63             1                       8
55                 71             2                       5
55                 93             4                       10
55                 94             4                       3
55                 95             4                       7
56                 6             2                       5
56                 20             1                       3
56                 27             3                       9
56                 29             3                       5
56                 33             3                       5
56                 47             3                       8
56                 52             1                       5
56                 62             0                       9
56                 83             4                       2
56                 91             4                       6
57                 18             3                       4
57                 29             0                       8
57                 35             3                       4
57                 44             1                       8
57                 45             1                       6
57                 62             4                       10
57                 71             1                       4
57                 72             0                       6
57                 74             4                       10
57                 82             4                       10
58                 14             0                       1
58                 17             4                       10
58                 22             3                       2
58                 44             3                       9
58                 49             4                       9
58                 53             4                       3
58                 66             0                       3
58                 82             3                       6
58                 84             4                       9
58                 85             3                       9
59                 14             4                       3
59                 16             1                       4
59                 19             2                       5
59                 52             1                       9
59                 53             1                       4
59                 66             2                       5
59                 69             1                       9
59                 70             1                       1
59                 77             3                       6
59                 86             0                       9
60                 15             0                       6
60                 35             3                       7
60                 67             3                       9
60                 81             0                       3
60                 85             3                       7
60                 89             2                       6
60                 95             1                       3
60                 97             0                       5
60                 98             3                       2
60                 100             4                       3
61                 3             1                       10
61                 4             3                       10
61                 5             2                       3
61                 15             0                       9
61                 18             3                       9
61                 19             4                       9
61                 28             3                       1
61                 29             0                       6
61                 32             3                       3
61                 66             2                       9
62                 5             1                       6
62                 34             1                       5
62                 42             2                       3
62                 45             3                       7
62                 46             4                       9
62                 70             3                       7
62                 74             1                       2
62                 82             4                       7
62                 86             1                       2
62                 94             0                       4
63                 17             3                       4
63                 22             3                       6
63                 31             3                       5
63                 34             4                       10
63                 39             1                       3
63                 44             2                       5
63                 54             3                       9
63                 64             1                       4
63                 89             4                       2
63                 91             3                       9
64                 10             1                       2
64                 38             0                       3
64                 48             4                       4
64                 55             3                       6
64                 63             1                       5
64                 64             4                       7
64                 87             4                       5
64                 88             0                       2
64                 92             2                       8
64                 97             4                       8
65                 15             2                       8
65                 26             3                       3
65                 27             1                       10
65                 46             1                       2
65                 51             1                       10
65                 54             2                       7
65                 59             2                       3
65                 90             1                       3
65                 95             2                       4
65                 98             0                       3
66                 24             2                       7
66                 41             4                       9
66                 45             3                       8
66                 54             2                       2
66                 58             1                       7
66                 60             2                       6
66                 72             3                       8
66                 98             2                       6
66                 99             1                       3
66                 100             2                       7
67                 12             0                       9
67                 16             1                       6
67                 33             1                       6
67                 38             1                       7
67                 60             0                       4
67                 75             1                       1
67                 88             1                       6
67                 91             1                       4
67                 95             3                       10
67                 97             1                       6
68                 2             1                       3
68                 6             3                       9
68                 8             1                       6
68                 9             4                       2
68                 10             3                       5
68                 12             0                       3
68                 25             4                       4
68                 44             4                       10
68                 45             2                       9
68                 85             1                       2
69                 5             3                       7
69                 28             1                       8
69                 30             4                       7
69                 38             0                       8
69                 47             4                       10
69                 53             3                       5
69                 66             0                       10
69                 84             3                       5
69                 88             0                       9
69                 89             0                       3
70                 11             2                       10
70                 22             1                       7
70                 33             4                       9
70                 36             0                       4
70                 41             3                       5
70                 56             3                       9
70                 61             1                       2
70                 63             1                       1
70                 71             3                       7
70                 77             2                       3
71                 4             2                       3
71                 11             3                       6
71                 22             1                       3
71                 25             1                       1
71                 42             4                       10
71                 50             3                       8
71                 59             2                       7
71                 60             1                       5
71                 65             3                       10
71                 70             4                       2
72                 10             4                       9
72                 28             3                       9
72                 40             2                       3
72                 57             4                       1
72                 59             3                       10
72                 64             1                       5
72                 75             2                       6
72                 84             3                       6
72                 86             4                       10
72                 87             3                       6
73                 19             0                       2
73                 33             4                       10
73                 51             1                       4
73                 53             4                       10
73                 57             0                       10
73                 68             3                       8
73                 77             3                       7
73                 84             3                       10
73                 90             2                       9
73                 96             4                       7
74                 10             2                       1
74                 11             1                       3
74                 17             2                       5
74                 43             0                       7
74                 50             3                       9
74                 61             1                       5
74                 70             3                       8
74                 87             2                       3
74                 88             1                       10
74                 90             0                       2
75                 4             0                       2
75                 15             1                       7
75                 25             1                       5
75                 30             0                       8
75                 36             0                       6
75                 37             4                       8
75                 39             0                       1
75                 63             0                       6
75                 77             3                       2
75                 80             0                       7
76                 27             1                       2
76                 28             1                       4
76                 48             1                       10
76                 57             2                       2
76                 79             3                       10
76                 90             3                       10
76                 95             3                       8
76                 96             1                       3
76                 99             4                       10
76                 100             0                       4
77                 2             2                       4
77                 6             0                       2
77                 7             4                       8
77                 20             1                       4
77                 63             1                       7
77                 65             3                       3
77                 72             0                       4
77                 73             0                       3
77                 93             0                       4
77                 94             4                       9
78                 18             2                       1
78                 23             4                       10
78                 31             0                       2
78                 76             0                       3
78                 77             4                       8
78                 79             2                       4
78                 97             4                       9
78                 98             3                       4
78                 99             2                       1
78                 100             3                       8
79                 4             2                       5
79                 5             4                       1
79                 11             1                       7
79                 24             4                       1
79                 40             4                       10
79                 41             1                       6
79                 51             2                       6
79                 56             2                       7
79                 82             2                       5
79                 84             3                       7
80                 6             0                       3
80                 10             4                       10
80                 16             2                       8
80                 18             1                       5
80                 20             2                       10
80                 30             3                       9
80                 34             2                       7
80                 44             0                       2
80                 47             2                       5
80                 57             2                       7
81                 5             3                       8
81                 12             1                       10
81                 26             4                       6
81                 36             4                       7
81                 49             4                       4
81                 67             3                       4
81                 68             2                       6
81                 70             2                       3
81                 74             2                       3
81                 84             2                       1
82                 6             3                       4
82                 17             2                       6
82                 21             0                       4
82                 26             3                       7
82                 49             0                       1
82                 76             3                       5
82                 83             3                       8
82                 88             1                       7
82                 92             2                       2
82                 97             0                       1
83                 1             4                       10
83                 2             2                       7
83                 4             2                       6
83                 10             3                       6
83                 14             1                       4
83                 22             4                       9
83                 27             2                       7
83                 31             3                       9
83                 33             3                       7
83                 40             0                       1
84                 5             1                       10
84                 24             3                       9
84                 31             1                       6
84                 39             2                       7
84                 40             1                       5
84                 49             2                       6
84                 81             0                       4
84                 87             3                       7
84                 88             0                       3
84                 90             2                       4
85                 3             2                       4
85                 9             3                       7
85                 53             1                       6
85                 54             0                       3
85                 59             1                       4
85                 63             3                       9
85                 64             0                       2
85                 80             1                       4
85                 94             4                       10
85                 97             2                       2
86                 2             1                       9
86                 26             2                       4
86                 32             0                       10
86                 38             4                       9
86                 42             0                       7
86                 55             1                       4
86                 56             4                       3
86                 64             3                       8
86                 79             3                       8
86                 80             1                       5
87                 8             2                       4
87                 13             0                       2
87                 23             4                       5
87                 29             3                       10
87                 39             2                       8
87                 54             1                       8
87                 75             1                       4
87                 76             2                       6
87                 85             1                       3
87                 86             3                       5
88                 7             4                       9
88                 8             0                       1
88                 12             3                       7
88                 17             2                       7
88                 27             1                       5
88                 28             2                       5
88                 41             2                       10
88                 57             1                       4
88                 60             3                       7
88                 62             2                       5
89                 21             2                       7
89                 25             3                       8
89                 36             0                       5
89                 57             2                       8
89                 76             0                       9
89                 91             0                       1
89                 96             2                       9
89                 98             1                       5
89                 99             3                       6
89                 100             0                       9
90                 24             0                       2
90                 42             3                       8
90                 52             1                       6
90                 68             0                       2
90                 73             1                       4
90                 78             0                       2
90                 92             4                       10
90                 95             0                       1
90                 96             4                       10
90                 97             2                       10
91                 24             2                       3
91                 45             3                       10
91                 48             1                       5
91                 55             2                       7
91                 67             3                       10
91                 75             4                       2
91                 80             4                       10
91                 82             2                       2
91                 85             3                       4
91                 91             1                       7
92                 4             3                       9
92                 30             4                       10
92                 31             0                       7
92                 33             0                       2
92                 35             4                       9
92                 55             0                       2
92                 57             3                       9
92                 70             4                       10
92                 85             1                       10
92                 86             4                       1
93                 22             0                       10
93                 25             3                       9
93                 31             4                       3
93                 52             4                       10
93                 59             2                       8
93                 65             3                       1
93                 75             3                       7
93                 82             1                       3
93                 87             4                       2
93                 100             4                       10
94                 7             2                       10
94                 19             0                       6
94                 32             2                       7
94                 37             3                       1
94                 92             1                       4
94                 94             2                       6
94                 96             4                       2
94                 97             3                       7
94                 98             3                       9
94                 100             0                       6
95                 13             3                       4
95                 15             0                       5
95                 16             3                       9
95                 23             1                       2
95                 38             4                       10
95                 48             1                       6
95                 49             2                       10
95                 60             0                       9
95                 62             3                       6
95                 67             0                       5
96                 9             2                       5
96                 13             2                       6
96                 42             2                       5
96                 43             0                       8
96                 46             3                       10
96                 74             3                       8
96                 76             4                       10
96                 78             4                       10
96                 83             4                       10
96                 88             2                       4
97                 10             4                       3
97                 37             1                       4
97                 40             2                       7
97                 45             2                       3
97                 47             0                       1
97                 51             1                       5
97                 58             1                       8
97                 68             4                       9
97                 74             3                       9
97                 75             4                       10
98                 2             4                       10
98                 23             0                       4
98                 26             4                       10
98                 28             4                       2
98                 30             0                       2
98                 35             1                       10
98                 43             2                       6
98                 61             4                       10
98                 63             1                       10
98                 72             0                       5
99                 3             3                       7
99                 23             4                       6
99                 33             1                       8
99                 37             2                       5
99                 38             0                       4
99                 40             3                       8
99                 55             0                       3
99                 64             4                       3
99                 68             2                       7
99                 70             3                       5
100                 1             2                       8
100                 3             3                       8
100                 5             1                       4
100                 7             1                       3
100                 8             3                       8
100                 12             1                       5
100                 13             3                       9
100                 24             1                       4
100                 37             0                       2
100                 48             0                       1