14
1                 4             0                       5
1                 12             1                       10
1                 30             1                       1
1                 32             4                       4
1                 38             4                       4
1                 46             2                       1
1                 71             1                       6
1                 85             3                       8
1                 89             2                       7
1                 91             3                       1
2                 17             1                       1
2                 29             3                       2
2                 47             2                       8
2                 49             3                       1
2                 84             3                       9
2                 92             2                       6
2                 93             2                       10
2                 98             0                       8
2                 99             1                       5
2                 100             0                       9
3                 4             4                       1
3                 16             1                       1
3                 24             2                       8
3                 39             0                       6
3                 46             2                       2
3                 48             2                       1
3                 53             4                       5
3                 59             1                       7
3                 78             0                       9
3                 79             0                       8
4                 3             3                       2
4                 6             0                       5
4                 8             3                       3
4                 16             0                       5
4                 18             0                       6
4                 34             1                       2
4                 37             0                       3
4                 40             2                       4
4                 47             4                       1
4                 62             3                       1
5                 19             0                       6
5                 22             3                       4
5                 40             2                       10
5                 52             1                       5
5                 54             0                       4
5                 56             4                       4
5                 61             1                       5
5                 64             2                       10
5                 66             2                       5
5                 77             0                       7
6                 4             4                       6
6                 20             0                       9
6                 37             4                       5
6                 45             2                       7
6                 69             2                       3
6                 77             1                       8
6                 78             3                       1
6                 88             4                       7
6                 92             2                       9
6                 95             2                       1
7                 1             0                       8
7                 10             4                       4
7                 31             2                       1
7                 36             1                       7
7                 41             3                       1
7                 44             1                       6
7                 47             2                       3
7                 51             1                       7
7                 54             2                       5
7                 60             1                       8
8                 24             4                       4
8                 26             1                       10
8                 30             0                       3
8                 32             1                       6
8                 48             0                       6
8                 55             3                       9
8                 57             0                       8
8                 60             2                       9
8                 62             4                       2
8                 65             2                       10
9                 1             0                       9
9                 6             0                       6
9                 14             3                       6
9                 15             0                       10
9                 19             4                       1
9                 23             2                       3
9                 42             4                       6
9                 51             1                       10
9                 79             4                       1
9                 82             1                       6
10                 2             2                       2
10                 7             4                       6
10                 33             2                       1
10                 38             3                       7
10                 41             0                       8
10                 51             3                       1
10                 64             4                       6
10                 66             4                       2
10                 80             2                       1
10                 82             1                       1
11                 6             2                       1
11                 8             2                       5
11                 25             3                       8
11                 33             1                       2
11                 43             4                       5
11                 63             1                       6
11                 64             2                       1
11                 70             3                       6
11                 71             3                       4
11                 82             1                       10
12                 6             3                       8
12                 18             2                       10
12                 19             0                       7
12                 26             3                       2
12                 30             4                       8
12                 47             4                       4
12                 51             4                       2
12                 53             0                       8
12                 58             3                       2
12                 92             3                       1
13                 7             1                       2
13                 22             1                       5
13                 26             2                       3
13                 35             4                       5
13                 50             4                       5
13                 52             1                       9
13                 67             2                       7
13                 75             0                       3
13                 77             4                       9
13                 86             0                       5
14                 3             1                       7
14                 12             3                       6
14                 51             1                       3
14                 58             3                       3
14                 66             4                       3
14                 71             2                       7
14                 76             0                       5
14                 85             1                       1
14                 88             1                       8
14                 93             0                       3
15                 20             3                       10
15                 33             4                       5
15                 37             2                       8
15                 47             4                       5
15                 59             3                       2
15                 71             0                       10
15                 72             3                       1
15                 80             1                       10
15                 92             3                       7
15                 93             2                       7
16                 12             1                       7
16                 21             2                       1
16                 46             4                       4
16                 52             3                       1
16                 59             3                       3
16                 74             3                       9
16                 81             0                       4
16                 82             2                       2
16                 90             3                       3
16                 95             0                       7
17                 1             2                       6
17                 8             0                       6
17                 9             2                       1
17                 19             4                       2
17                 43             2                       3
17                 47             3                       6
17                 55             1                       5
17                 64             0                       9
17                 68             2                       10
17                 82             4                       3
18                 12             2                       8
18                 14             4                       4
18                 17             4                       2
18                 33             4                       8
18                 46             0                       5
18                 50             2                       8
18                 75             2                       4
18                 79             2                       4
18                 82             2                       4
18                 86             4                       1
19                 7             1                       1
19                 17             1                       6
19                 35             3                       6
19                 52             3                       6
19                 86             4                       2
19                 92             1                       8
19                 93             3                       8
19                 94             4                       1
19                 95             2                       4
19                 96             1                       9
20                 17             0                       3
20                 27             4                       8
20                 31             1                       2
20                 36             2                       1
20                 73             1                       5
20                 83             3                       5
20                 89             3                       3
20                 96             4                       2
20                 98             2                       9
20                 100             2                       1
21                 27             1                       7
21                 35             4                       1
21                 40             3                       1
21                 44             3                       9
21                 54             3                       1
21                 57             3                       1
21                 58             3                       10
21                 68             2                       1
21                 70             1                       1
21                 73             3                       1
22                 32             2                       1
22                 49             0                       8
22                 57             0                       10
22                 59             1                       8
22                 62             4                       3
22                 68             0                       6
22                 72             2                       6
22                 74             1                       1
22                 78             0                       7
22                 79             3                       3
23                 4             4                       7
23                 10             1                       10
23                 17             2                       7
23                 20             3                       6
23                 23             4                       1
23                 27             1                       3
23                 29             3                       1
23                 31             0                       9
23                 42             2                       10
23                 56             2                       1
24                 32             4                       2
24                 44             1                       7
24                 49             2                       6
24                 62             1                       7
24                 80             1                       3
24                 85             4                       4
24                 93             3                       9
24                 94             4                       7
24                 97             0                       5
24                 99             2                       1
25                 5             4                       1
25                 24             2                       7
25                 35             0                       9
25                 41             1                       6
25                 42             0                       7
25                 68             1                       5
25                 69             2                       8
25                 80             2                       4
25                 84             0                       5
25                 89             2                       8
26                 7             0                       3
26                 14             2                       7
26                 15             1                       1
26                 38             4                       1
26                 57             0                       2
26                 66             2                       6
26                 70             1                       8
26                 79             4                       2
26                 83             2                       3
26                 84             0                       10
27                 2             2                       8
27                 21             1                       10
27                 24             3                       5
27                 31             4                       3
27                 35             2                       10
27                 41             0                       2
27                 49             1                       7
27                 72             4                       7
27                 73             1                       10
27                 75             4                       9
28                 2             3                       3
28                 14             4                       3
28                 16             0                       6
28                 44             3                       2
28                 47             3                       7
28                 48             0                       2
28                 91             1                       6
28                 92             3                       2
28                 95             0                       2
28                 97             0                       7
29                 4             1                       2
29                 6             4                       9
29                 8             4                       4
29                 19             3                       8
29                 20             2                       7
29                 21             0                       2
29                 23             1                       2
29                 27             1                       4
29                 28             1                       9
29                 29             4                       6
30                 1             0                       1
30                 12             3                       9
30                 23             3                       7
30                 43             2                       10
30                 54             0                       9
30                 63             3                       3
30                 64             3                       2
30                 67             2                       5
30                 75             1                       6
30                 82             3                       9
31                 10             1                       1
31                 11             4                       3
31                 13             2                       9
31                 36             4                       8
31                 53             3                       1
31                 66             0                       1
31                 75             0                       10
31                 80             3                       9
31                 81             4                       8
31                 88             1                       2
32                 9             0                       6
32                 14             4                       8
32                 29             3                       9
32                 37             2                       6
32                 51             1                       9
32                 73             2                       6
32                 76             0                       6
32                 84             0                       1
32                 87             2                       10
32                 89             3                       4
33                 12             0                       1
33                 16             4                       2
33                 21             3                       3
33                 33             2                       9
33                 44             4                       10
33                 63             4                       1
33                 70             3                       3
33                 83             0                       10
33                 85             4                       7
33                 88             3                       10
34                 1             4                       2
34                 11             2                       1
34                 31             0                       4
34                 36             0                       6
34                 46             1                       9
34                 60             4                       2
34                 74             0                       2
34                 89             3                       5
34                 92             2                       3
34                 96             2                       3
35                 2             0                       4
35                 9             2                       3
35                 22             3                       10
35                 47             1                       2
35                 57             0                       3
35                 65             0                       7
35                 74             4                       3
35                 88             1                       3
35                 91             4                       2
35                 92             2                       4
36                 3             0                       3
36                 6             3                       10
36                 42             2                       1
36                 53             1                       2
36                 54             1                       2
36                 60             2                       1
36                 61             1                       8
36                 66             4                       4
36                 69             1                       4
36                 71             3                       3
37                 9             1                       7
37                 13             4                       8
37                 30             4                       4
37                 52             4                       2
37                 65             4                       6
37                 81             2                       1
37                 84             3                       2
37                 88             3                       4
37                 97             4                       1
37                 98             1                       10
38                 3             2                       8
38                 5             4                       4
38                 25             4                       7
38                 68             2                       2
38                 83             4                       1
38                 90             2                       6
38                 95             1                       8
38                 98             1                       3
38                 99             0                       9
38                 100             0                       8
39                 6             2                       2
39                 22             3                       3
39                 25             2                       3
39                 36             1                       9
39                 59             1                       9
39                 64             0                       3
39                 65             3                       1
39                 77             0                       10
39                 82             1                       7
39                 83             1                       4
40                 18             1                       1
40                 30             2                       5
40                 34             3                       3
40                 39             1                       7
40                 42             0                       8
40                 45             3                       10
40                 57             0                       4
40                 62             4                       8
40                 70             2                       7
40                 73             2                       2
41                 1             3                       7
41                 5             1                       5
41                 14             4                       5
41                 16             1                       7
41                 20             4                       8
41                 24             4                       6
41                 34             1                       8
41                 40             4                       5
41                 86             0                       8
41                 100             3                       2
42                 22             3                       6
42                 30             0                       2
42                 52             1                       7
42                 56             4                       6
42                 64             0                       4
42                 93             1                       2
42                 94             2                       9
42                 97             0                       9
42                 99             4                       2
42                 100             1                       3
43                 1             4                       3
43                 3             3                       9
43                 10             0                       5
43                 16             2                       9
43                 49             0                       2
43                 50             1                       6
43                 63             0                       2
43                 80             0                       2
43                 82             2                       8
43                 86             4                       9
44                 2             2                       1
44                 35             1                       2
44                 52             4                       10
44                 53             1                       10
44                 54             3                       10
44                 61             1                       9
44                 66             4                       7
44                 67             4                       8
44                 76             2                       1
44                 79             3                       5
45                 27             2                       5
45                 44             2                       5
45                 83             0                       2
45                 90             0                       8
45                 95             0                       9
45                 96             0                       5
45                 97             2                       6
45                 98             0                       1
45                 99             4                       10
45                 100             4                       10
46                 13             0                       4
46                 18             4                       7
46                 34             1                       4
46                 48             2                       3
46                 56             4                       8
46                 61             3                       1
46                 65             1                       8
46                 77             3                       1
46                 78             3                       2
46                 81             3                       10
47                 2             2                       5
47                 11             4                       5
47                 15             3                       7
47                 34             0                       5
47                 39             1                       10
47                 49             3                       3
47                 53             3                       9
47                 74             1                       4
47                 80             1                       5
47                 81             0                       7
48                 7             3                       4
48                 9             2                       2
48                 13             2                       5
48                 22             0                       1
48                 26             2                       6
48                 28             2                       8
48                 29             1                       3
48                 37             2                       9
48                 48             1                       7
48                 65             3                       9
49                 11             1                       4
49                 12             4                       4
49                 22             2                       7
49                 24             1                       2
49                 25             0                       4
49                 49             0                       4
49                 50             1                       2
49                 58             2                       5
49                 67             3                       3
49                 76             2                       8
50                 19             4                       4
50                 34             1                       1
50                 38             4                       8
50                 39             2                       2
50                 50             2                       3
50                 52             3                       3
50                 54             0                       3
50                 73             3                       8
50                 75             1                       5
50                 88             2                       6
51                 31             1                       5
51                 39             2                       1
51                 40             1                       6
51                 53             2                       7
51                 58             2                       6
51                 81             1                       5
51                 86             0                       3
51                 87             4                       3
51                 88             1                       9
51                 90             4                       1
52                 18             2                       2
52                 26             0                       1
52                 28             1                       6
52                 50             4                       4
52                 84             4                       3
52                 87             3                       2
52                 89             2                       6
52                 98             4                       4
52                 99             0                       3
52                 100             1                       5
53                 4             1                       8
53                 11             1                       2
53                 17             4                       9
53                 26             4                       4
53                 31             0                       7
53                 34             1                       7
53                 43             3                       4
53                 59             3                       4
53                 64             0                       7
53                 69             0                       6
54                 1             3                       4
54                 5             1                       2
54                 9             2                       8
54                 10             0                       6
54                 11             2                       7
54                 14             4                       9
54                 21             4                       4
54                 60             4                       10
54                 64             2                       8
54                 65             1                       3
55                 9             0                       9
55                 15             0                       6
55                 23             4                       9
55                 39             1                       3
55                 40             0                       8
55                 41             2                       5
55                 43             1                       7
55                 49             3                       9
55                 53             0                       3
55                 72             3                       10
56                 5             2                       7
56                 38             0                       9
56                 58             4                       7
56                 63             2                       4
56                 66             4                       8
56                 74             1                       5
56                 80             0                       7
56                 85             0                       2
56                 94             3                       2
56                 95             4                       10
57                 5             3                       6
57                 15             0                       8
57                 19             1                       3
57                 50             1                       9
57                 56             1                       2
57                 63             1                       5
57                 65             3                       4
57                 66             1                       9
57                 69             4                       9
57                 89             1                       2
58                 10             1                       2
58                 22             4                       8
58                 29             2                       5
58                 30             2                       6
58                 32             0                       5
58                 35             2                       8
58                 37             4                       7
58                 41             3                       3
58                 45             4                       8
58                 46             4                       10
59                 11             3                       8
59                 15             3                       2
59                 19             4                       9
59                 27             1                       9
59                 37             1                       4
59                 39             4                       4
59                 54             2                       6
59                 58             3                       8
59                 61             4                       10
59                 87             2                       6
60                 20             1                       3
60                 21             1                       5
60                 44             0                       1
60                 55             3                       2
60                 75             4                       1
60                 87             2                       4
60                 91             1                       3
60                 94             1                       6
60                 95             2                       3
60                 97             1                       4
61                 13             4                       6
61                 18             2                       8
61                 25             2                       5
61                 31             1                       6
61                 45             2                       2
61                 78             0                       8
61                 80             4                       6
61                 84             4                       6
61                 85             2                       9
61                 88             0                       1
62                 4             0                       9
62                 8             4                       7
62                 12             0                       2
62                 16             0                       3
62                 69             4                       5
62                 76             1                       2
62                 88             3                       5
62                 92             4                       10
62                 95             1                       5
62                 96             4                       10
63                 1             4                       10
63                 6             1                       4
63                 15             0                       3
63                 24             4                       9
63                 48             1                       4
63                 54             2                       7
63                 56             3                       9
63                 58             2                       4
63                 65             0                       2
63                 69             4                       10
64                 41             0                       4
64                 59             4                       10
64                 67             3                       9
64                 77             4                       2
64                 81             3                       9
64                 89             2                       9
64                 95             1                       6
64                 96             1                       4
64                 97             3                       2
64                 99             3                       8
65                 7             1                       7
65                 25             1                       1
65                 32             0                       7
65                 39             1                       5
65                 50             3                       7
65                 59             2                       6
65                 67             4                       4
65                 72             2                       3
65                 77             4                       4
65                 80             1                       8
66                 14             3                       10
66                 18             0                       3
66                 29             1                       7
66                 42             0                       2
66                 59             0                       1
66                 70             2                       9
66                 71             0                       1
66                 75             2                       7
66                 81             0                       2
66                 87             1                       7
67                 7             2                       5
67                 22             0                       2
67                 35             2                       7
67                 43             0                       1
67                 55             0                       4
67                 67             4                       6
67                 69             3                       1
67                 73             2                       7
67                 74             3                       7
67                 83             1                       6
68                 3             2                       5
68                 11             3                       6
68                 18             2                       9
68                 20             1                       4
68                 23             0                       10
68                 31             4                       10
68                 34             2                       6
68                 36             0                       2
68                 47             2                       9
68                 48             0                       5
69                 5             4                       8
69                 7             3                       8
69                 10             1                       7
69                 42             0                       3
69                 45             1                       3
69                 53             0                       4
69                 55             2                       1
69                 94             0                       8
69                 97             2                       3
69                 98             1                       5
70                 13             2                       1
70                 23             2                       5
70                 32             4                       8
70                 46             0                       6
70                 51             2                       4
70                 55             4                       10
70                 67             4                       10
70                 68             0                       3
70                 79             3                       6
70                 85             0                       3
71                 13             0                       2
71                 28             2                       2
71                 30             2                       7
71                 44             1                       3
71                 45             1                       4
71                 68             0                       7
71                 79             0                       9
71                 87             0                       1
71                 90             1                       7
71                 91             0                       8
72                 2             3                       9
72                 9             1                       4
72                 18             0                       4
72                 28             3                       7
72                 74             1                       6
72                 75             2                       8
72                 78             4                       3
72                 82             1                       5
72                 87             3                       8
72                 91             1                       4
73                 6             0                       3
73                 26             2                       7
73                 28             4                       3
73                 41             2                       7
73                 48             0                       8
73                 52             3                       8
73                 57             4                       5
73                 62             3                       4
73                 70             0                       4
73                 81             1                       6
74                 19             3                       5
74                 24             2                       10
74                 38             2                       3
74                 45             3                       9
74                 55             1                       3
74                 61             3                       6
74                 65             1                       5
74                 77             2                       6
74                 78             4                       10
74                 89             4                       10
75                 2             3                       10
75                 10             0                       3
75                 15             4                       4
75                 37             0                       1
75                 58             1                       1
75                 72             3                       8
75                 79             3                       7
75                 83             2                       7
75                 90             4                       9
75                 91             2                       7
76                 3             4                       10
76                 4             4                       10
76                 7             4                       9
76                 13             2                       7
76                 26             1                       9
76                 27             3                       6
76                 30             2                       9
76                 35             1                       3
76                 56             3                       7
76                 63             0                       9
77                 8             4                       8
77                 16             0                       10
77                 25             0                       2
77                 28             4                       10
77                 61             4                       2
77                 94             0                       3
77                 96             3                       7
77                 98             1                       6
77                 99             2                       4
77                 100             1                       6
78                 16             1                       4
78                 30             3                       10
78                 32             4                       9
78                 35             1                       4
78                 36             4                       10
78                 40             3                       9
78                 45             3                       5
78                 46             2                       7
78                 57             2                       6
78                 60             2                       4
79                 5             4                       9
79                 6             2                       7
79                 25             4                       9
79                 33             4                       10
79                 51             2                       8
79                 61             4                       3
79                 63             1                       8
79                 83             2                       8
79                 90             2                       4
79                 96             3                       8
80                 10             2                       9
80                 17             1                       10
80                 20             0                       1
80                 21             2                       6
80                 28             1                       4
80                 33             0                       3
80                 38             3                       10
80                 40             0                       2
80                 45             0                       1
80                 60             2                       5
81                 23             3                       8
81                 26             1                       8
81                 36             4                       4
81                 38             0                       2
81                 54             1                       8
81                 62             1                       9
81                 72             0                       9
81                 81             1                       3
81                 85             2                       5
81                 93             2                       4
82                 15             3                       9
82                 21             2                       7
82                 27             0                       1
82                 29             0                       8
82                 32             0                       3
82                 39             2                       8
82                 50             0                       1
82                 67             1                       2
82                 73             4                       3
82                 76             3                       7
83                 3             3                       6
83                 5             1                       10
83                 8             2                       9
83                 11             4                       9
83                 21             0                       9
83                 24             1                       3
83                 37             4                       10
83                 48             0                       9
83                 59             1                       5
83                 73             1                       4
84                 4             0                       3
84                 13             3                       10
84                 34             4                       9
84                 43             3                       8
84                 70             0                       2
84                 76             4                       10
84                 84             3                       7
84                 90             4                       10
84                 96             1                       6
84                 98             3                       2
85                 1             2                       5
85                 8             3                       1
85                 17             1                       4
85                 32             4                       10
85                 46             0                       3
85                 72             2                       4
85                 78             1                       5
85                 86             3                       4
85                 93             3                       5
85                 94             0                       4
86                 8             4                       10
86                 14             1                       2
86                 24             0                       1
86                 25             4                       10
86                 33             0                       4
86                 46             3                       8
86                 60             4                       6
86                 62             1                       5
86                 71             3                       8
86                 74             1                       10
87                 16             1                       8
87                 17             3                       8
87                 26             1                       5
87                 55             4                       6
87                 60             0                       7
87                 66             4                       10
87                 72             3                       5
87                 77             0                       3
87                 79             4                       10
87                 85             4                       10
88                 20             4                       2
88                 28             1                       5
88                 41             0                       9
88                 44             4                       8
88                 48             3                       10
88                 49             0                       10
88                 52             2                       4
88                 55             3                       7
88                 87             3                       9
88                 93             2                       1
89                 2             1                       6
89                 5             3                       3
89                 7             3                       10
89                 14             0                       1
89                 25             1                       6
89                 45             2                       6
89                 56             2                       10
89                 68             2                       8
89                 70             4                       10
89                 72             1                       2
90                 9             2                       10
90                 27             0                       2
90                 43             3                       9
90                 44             3                       4
90                 56             1                       5
90                 57             0                       9
90                 68             0                       4
90                 89             0                       1
90                 91             2                       5
90                 94             0                       5
91                 3             1                       1
91                 12             2                       5
91                 19             4                       10
91                 29             4                       10
91                 33             0                       6
91                 34             4                       10
91                 47             1                       10
91                 56             1                       3
91                 64             1                       5
91                 71             3                       9
92                 20             1                       5
92                 23             0                       4
92                 27             3                       10
92                 31             3                       8
92                 38             4                       5
92                 41             4                       10
92                 53             0                       6
92                 61             2                       4
92                 78             1                       6
92                 90             3                       2
93                 18             0                       5
93                 36             0                       3
93                 37             1                       2
93                 42             2                       9
93                 43             1                       6
93                 51             1                       5
93                 63             4                       10
93                 71             2                       5
93                 75             1                       2
93                 76             0                       3
94                 4             0                       4
94                 15             0                       5
94                 49             0                       5
94                 58             3                       9
94                 62             4                       10
94                 63             2                       7
94                 69             0                       2
94                 74             4                       8
94                 83             3                       9
94                 86             3                       6
95                 29             1                       4
95                 42             1                       5
95                 51             1                       6
95                 67             0                       1
95                 68             3                       9
95                 69             3                       7
95                 73             0                       9
95                 84             3                       8
95                 87             3                       5
95                 92             4                       5
96                 3             1                       4
96                 9             1                       5
96                 10             1                       8
96                 13             0                       3
96                 17             2                       5
96                 23             1                       6
96                 42             2                       4
96                 43             0                       2
96                 50             4                       10
96                 55             3                       8
97                 2             2                       7
97                 22             3                       9
97                 60             1                       3
97                 71             4                       2
97                 76             3                       9
97                 77             1                       5
97                 86             0                       10
97                 97             4                       10
97                 99             0                       6
97                 100             0                       4
98                 28             0                       1
98                 33             3                       7
98                 36             3                       5
98                 38             3                       6
98                 40             0                       3
98                 61             3                       7
98                 70             1                       5
98                 91             1                       10
98                 93             4                       6
98                 94             0                       10
99                 12             0                       3
99                 21             0                       8
99                 39             3                       9
99                 57             1                       7
99                 86             3                       7
99                 96             2                       1
99                 97             3                       8
99                 98             4                       7
99                 99             2                       7
99                 100             0                       7
100                 8             1                       2
100                 11             4                       10
100                 40             2                       7
100                 62             3                       6
100                 76             0                       4
100                 78             0                       4
100                 84             1                       4
100                 85             2                       6
100                 90             2                       5
100                 91             3                       9