14
1                 9             4                       5
1                 21             0                       8
1                 41             4                       3
1                 49             2                       10
1                 65             4                       1
1                 68             3                       1
1                 75             3                       3
1                 77             4                       4
1                 80             4                       5
1                 84             2                       4
2                 15             3                       8
2                 21             2                       9
2                 32             3                       1
2                 45             0                       3
2                 46             0                       7
2                 85             1                       1
2                 92             0                       6
2                 95             0                       8
2                 96             0                       8
2                 97             0                       10
3                 7             4                       5
3                 9             0                       6
3                 13             1                       1
3                 21             1                       10
3                 23             3                       10
3                 40             4                       2
3                 55             1                       1
3                 58             2                       8
3                 80             3                       2
3                 82             4                       1
4                 22             3                       2
4                 28             3                       10
4                 30             0                       8
4                 37             3                       6
4                 46             3                       5
4                 48             4                       1
4                 52             1                       1
4                 66             2                       8
4                 74             1                       3
4                 76             3                       10
5                 26             4                       2
5                 43             4                       5
5                 50             0                       6
5                 66             2                       1
5                 72             4                       2
5                 86             2                       4
5                 87             1                       1
5                 91             1                       1
5                 96             4                       1
5                 98             3                       9
6                 8             4                       3
6                 12             2                       1
6                 24             3                       4
6                 32             4                       3
6                 40             4                       1
6                 47             1                       7
6                 58             4                       2
6                 86             1                       8
6                 90             3                       1
6                 94             1                       7
7                 4             3                       9
7                 14             2                       2
7                 32             0                       8
7                 39             3                       4
7                 46             4                       4
7                 67             3                       1
7                 76             3                       5
7                 77             2                       7
7                 84             3                       8
7                 85             2                       3
8                 19             2                       3
8                 24             2                       6
8                 32             1                       4
8                 43             3                       1
8                 76             2                       8
8                 84             4                       9
8                 85             1                       5
8                 92             3                       1
8                 94             4                       4
8                 95             1                       1
9                 6             1                       7
9                 52             0                       7
9                 58             4                       3
9                 60             0                       3
9                 70             2                       9
9                 79             4                       1
9                 82             3                       4
9                 84             4                       6
9                 90             0                       5
9                 91             0                       4
10                 1             0                       8
10                 26             4                       5
10                 27             3                       1
10                 34             4                       1
10                 38             2                       6
10                 75             3                       10
10                 78             0                       8
10                 79             0                       8
10                 92             4                       3
10                 99             2                       1
11                 2             2                       6
11                 8             1                       9
11                 20             0                       7
11                 52             0                       2
11                 56             3                       5
11                 69             4                       5
11                 77             1                       5
11                 78             4                       1
11                 79             2                       3
11                 86             4                       1
12                 3             4                       1
12                 6             2                       2
12                 12             2                       9
12                 14             1                       3
12                 20             3                       2
12                 25             4                       3
12                 29             1                       6
12                 36             2                       9
12                 57             2                       1
12                 63             0                       7
13                 2             4                       7
13                 10             2                       4
13                 22             4                       3
13                 24             3                       5
13                 34             1                       2
13                 72             4                       6
13                 90             4                       6
13                 91             4                       7
13                 96             2                       9
13                 97             4                       1
14                 11             1                       1
14                 16             2                       1
14                 31             3                       2
14                 33             0                       5
14                 39             0                       8
14                 43             2                       2
14                 63             4                       4
14                 76             2                       6
14                 83             1                       5
14                 86             0                       5
15                 1             1                       9
15                 24             1                       7
15                 64             4                       2
15                 70             3                       2
15                 71             2                       10
15                 76             0                       7
15                 77             2                       2
15                 82             4                       5
15                 85             0                       6
15                 86             0                       2
16                 12             2                       8
16                 17             2                       1
16                 28             3                       1
16                 35             4                       7
16                 38             0                       8
16                 41             2                       8
16                 44             0                       7
16                 51             1                       8
16                 81             2                       8
16                 83             0                       6
17                 2             3                       10
17                 4             3                       1
17                 7             4                       7
17                 15             4                       5
17                 18             1                       6
17                 31             3                       8
17                 38             3                       4
17                 42             4                       1
17                 48             0                       9
17                 56             2                       7
18                 4             2                       6
18                 10             2                       10
18                 30             2                       1
18                 31             3                       1
18                 41             4                       1
18                 54             4                       1
18                 69             4                       3
18                 73             1                       1
18                 74             3                       8
18                 81             4                       4
19                 2             1                       3
19                 3             0                       5
19                 4             2                       2
19                 9             2                       1
19                 14             3                       4
19                 16             2                       2
19                 57             1                       3
19                 59             0                       8
19                 64             3                       1
19                 88             1                       9
20                 9             2                       9
20                 13             0                       9
20                 22             2                       8
20                 23             3                       4
20                 33             2                       9
20                 47             0                       2
20                 48             4                       2
20                 51             1                       9
20                 66             3                       5
20                 76             2                       1
21                 16             3                       3
21                 28             0                       5
21                 35             2                       8
21                 46             4                       9
21                 49             0                       7
21                 53             4                       2
21                 63             2                       5
21                 71             4                       5
21                 79             2                       4
21                 82             2                       9
22                 19             1                       8
22                 31             2                       3
22                 35             2                       1
22                 39             3                       1
22                 54             3                       2
22                 56             0                       6
22                 61             1                       7
22                 75             3                       4
22                 83             2                       3
22                 94             3                       1
23                 1             0                       1
23                 12             2                       3
23                 15             4                       6
23                 20             1                       6
23                 28             4                       6
23                 33             0                       1
23                 35             3                       9
23                 36             0                       4
23                 54             4                       5
23                 55             0                       2
24                 19             1                       9
24                 26             1                       1
24                 74             4                       6
24                 81             0                       5
24                 89             0                       5
24                 93             3                       9
24                 95             4                       4
24                 97             0                       5
24                 98             4                       7
24                 100             3                       9
25                 10             4                       5
25                 13             3                       2
25                 15             1                       1
25                 18             3                       2
25                 24             4                       10
25                 29             4                       7
25                 37             0                       9
25                 40             3                       7
25                 47             1                       3
25                 53             1                       7
26                 1             2                       2
26                 5             3                       9
26                 22             3                       5
26                 25             2                       8
26                 32             4                       2
26                 45             4                       8
26                 71             0                       6
26                 80             1                       6
26                 87             2                       3
26                 96             0                       2
27                 6             0                       3
27                 18             1                       7
27                 22             3                       9
27                 25             4                       5
27                 31             3                       4
27                 34             0                       8
27                 35             2                       3
27                 50             4                       2
27                 60             1                       1
27                 84             4                       1
28                 10             0                       8
28                 17             4                       6
28                 24             3                       1
28                 30             2                       9
28                 33             4                       2
28                 39             1                       10
28                 40             2                       3
28                 47             4                       4
28                 79             4                       9
28                 81             3                       7
29                 10             1                       6
29                 53             4                       5
29                 66             4                       6
29                 68             4                       3
29                 82             1                       2
29                 85             4                       9
29                 94             3                       2
29                 95             3                       6
29                 96             0                       3
29                 97             3                       6
30                 2             3                       8
30                 5             1                       6
30                 6             1                       5
30                 51             0                       10
30                 63             3                       6
30                 69             1                       1
30                 74             2                       9
30                 75             2                       5
30                 85             0                       4
30                 90             1                       3
31                 1             1                       3
31                 5             1                       7
31                 11             0                       9
31                 38             1                       2
31                 39             2                       5
31                 67             0                       6
31                 73             4                       2
31                 77             1                       8
31                 89             2                       1
31                 92             0                       7
32                 10             3                       9
32                 14             0                       6
32                 25             1                       9
32                 27             4                       5
32                 41             1                       9
32                 70             2                       6
32                 90             4                       9
32                 95             2                       5
32                 99             0                       5
32                 100             4                       6
33                 11             2                       2
33                 14             3                       7
33                 20             4                       1
33                 23             2                       7
33                 25             0                       6
33                 49             0                       1
33                 51             3                       3
33                 72             3                       3
33                 91             2                       10
33                 93             2                       1
34                 5             0                       1
34                 8             4                       5
34                 10             0                       1
34                 21             3                       1
34                 22             4                       6
34                 35             0                       4
34                 37             2                       7
34                 38             1                       9
34                 47             4                       9
34                 67             2                       8
35                 12             4                       4
35                 18             3                       5
35                 27             0                       6
35                 43             2                       10
35                 44             0                       4
35                 62             3                       3
35                 65             3                       8
35                 69             3                       6
35                 72             1                       7
35                 75             3                       6
36                 9             1                       7
36                 14             3                       1
36                 15             2                       4
36                 17             1                       8
36                 27             3                       2
36                 54             0                       8
36                 55             4                       6
36                 70             3                       3
36                 73             0                       3
36                 77             4                       9
37                 4             2                       3
37                 6             3                       8
37                 32             1                       9
37                 42             0                       8
37                 47             1                       5
37                 57             2                       9
37                 73             3                       5
37                 90             3                       7
37                 96             4                       6
37                 97             0                       7
38                 9             0                       2
38                 24             2                       8
38                 33             2                       6
38                 34             0                       6
38                 40             1                       8
38                 43             2                       6
38                 53             4                       3
38                 55             1                       3
38                 64             3                       8
38                 65             0                       2
39                 16             2                       4
39                 42             3                       4
39                 46             1                       10
39                 51             1                       4
39                 52             0                       8
39                 53             4                       8
39                 56             2                       1
39                 60             3                       8
39                 79             0                       10
39                 83             1                       1
40                 31             4                       5
40                 32             4                       10
40                 42             4                       2
40                 44             3                       1
40                 52             3                       3
40                 69             3                       7
40                 73             1                       10
40                 81             0                       1
40                 84             1                       5
40                 86             0                       9
41                 6             2                       6
41                 7             4                       4
41                 15             3                       7
41                 37             3                       1
41                 44             2                       5
41                 45             2                       4
41                 46             0                       1
41                 71             3                       7
41                 74             4                       10
41                 89             4                       6
42                 1             0                       4
42                 16             3                       5
42                 30             0                       2
42                 35             4                       5
42                 48             2                       6
42                 49             0                       2
42                 51             0                       1
42                 58             2                       1
42                 61             2                       3
42                 64             4                       5
43                 3             4                       2
43                 14             2                       5
43                 23             1                       5
43                 24             1                       2
43                 33             2                       3
43                 34             4                       9
43                 49             0                       8
43                 58             3                       5
43                 59             3                       1
43                 74             4                       4
44                 4             1                       7
44                 32             0                       6
44                 50             2                       7
44                 56             3                       8
44                 67             4                       4
44                 78             3                       2
44                 83             4                       8
44                 84             0                       10
44                 88             2                       10
44                 89             3                       9
45                 16             3                       7
45                 40             3                       5
45                 50             3                       1
45                 56             4                       9
45                 64             3                       6
45                 86             1                       3
45                 89             3                       7
45                 93             3                       2
45                 96             3                       7
45                 99             2                       2
46                 18             2                       8
46                 25             0                       1
46                 37             0                       8
46                 45             1                       5
46                 55             3                       9
46                 68             1                       10
46                 70             1                       7
46                 76             0                       2
46                 80             1                       8
46                 83             3                       7
47                 7             4                       6
47                 10             3                       2
47                 11             0                       3
47                 26             0                       3
47                 29             3                       2
47                 30             3                       6
47                 33             3                       7
47                 36             0                       6
47                 39             4                       3
47                 40             4                       9
48                 18             4                       10
48                 38             4                       3
48                 41             3                       5
48                 59             4                       9
48                 64             2                       3
48                 70             3                       8
48                 75             3                       7
48                 83             0                       4
48                 85             3                       7
48                 88             4                       3
49                 10             2                       7
49                 11             0                       6
49                 13             2                       3
49                 34             0                       3
49                 46             0                       2
49                 50             1                       3
49                 57             3                       4
49                 69             1                       8
49                 88             1                       6
49                 93             1                       6
50                 7             2                       8
50                 13             1                       4
50                 17             3                       9
50                 35             4                       10
50                 60             4                       9
50                 68             2                       4
50                 71             0                       8
50                 91             3                       8
50                 93             1                       3
50                 94             2                       5
51                 14             2                       8
51                 29             4                       4
51                 31             0                       6
51                 37             1                       3
51                 42             2                       5
51                 63             3                       8
51                 66             2                       10
51                 68             2                       7
51                 80             0                       1
51                 83             3                       2
52                 11             0                       7
52                 12             0                       2
52                 18             3                       3
52                 36             3                       1
52                 42             3                       6
52                 50             1                       8
52                 55             4                       4
52                 57             1                       2
52                 76             0                       3
52                 83             4                       9
53                 2             2                       1
53                 40             2                       10
53                 61             4                       4
53                 62             3                       4
53                 72             4                       8
53                 80             4                       3
53                 82             2                       6
53                 84             3                       7
53                 88             3                       7
53                 90             0                       8
54                 28             3                       2
54                 48             3                       4
54                 86             1                       6
54                 87             1                       4
54                 89             0                       4
54                 92             2                       4
54                 95             4                       9
54                 96             4                       4
54                 99             0                       6
54                 100             3                       4
55                 5             4                       10
55                 24             3                       9
55                 29             3                       8
55                 36             2                       2
55                 37             1                       4
55                 45             3                       10
55                 62             0                       6
55                 66             1                       4
55                 71             0                       1
55                 72             1                       4
56                 3             4                       3
56                 30             0                       3
56                 41             3                       6
56                 42             3                       7
56                 45             1                       1
56                 57             2                       5
56                 62             3                       7
56                 65             4                       7
56                 77             2                       6
56                 80             2                       9
57                 6             3                       4
57                 24             1                       3
57                 40             2                       4
57                 49             4                       9
57                 50             4                       9
57                 75             1                       2
57                 80             4                       10
57                 82             1                       3
57                 86             4                       10
57                 98             2                       8
58                 3             4                       6
58                 18             1                       4
58                 43             0                       8
58                 62             3                       8
58                 67             2                       7
58                 83             4                       10
58                 97             3                       8
58                 98             0                       10
58                 99             4                       7
58                 100             0                       1
59                 1             3                       5
59                 27             4                       9
59                 34             0                       4
59                 45             2                       6
59                 48             3                       7
59                 77             4                       10
59                 92             3                       2
59                 94             0                       8
59                 98             1                       3
59                 100             4                       2
60                 2             1                       2
60                 4             4                       10
60                 53             3                       9
60                 63             0                       1
60                 79             1                       5
60                 85             2                       2
60                 87             1                       5
60                 91             2                       9
60                 95             3                       7
60                 96             0                       10
61                 2             3                       4
61                 4             2                       4
61                 13             4                       10
61                 25             3                       2
61                 29             0                       1
61                 52             3                       9
61                 69             0                       4
61                 93             1                       4
61                 95             0                       3
61                 98             1                       4
62                 17             4                       2
62                 49             2                       3
62                 51             4                       2
62                 59             1                       2
62                 66             3                       9
62                 67             3                       5
62                 81             2                       2
62                 87             1                       10
62                 91             0                       2
62                 93             3                       7
63                 14             3                       9
63                 21             3                       3
63                 32             3                       7
63                 34             3                       7
63                 52             3                       10
63                 61             1                       8
63                 62             2                       5
63                 63             3                       2
63                 69             4                       9
63                 92             2                       8
64                 3             4                       7
64                 8             1                       1
64                 13             0                       6
64                 27             3                       7
64                 38             2                       5
64                 58             3                       6
64                 60             1                       2
64                 77             0                       1
64                 81             0                       3
64                 82             0                       10
65                 3             0                       8
65                 5             4                       8
65                 41             3                       7
65                 57             4                       10
65                 71             3                       9
65                 82             2                       8
65                 92             4                       9
65                 96             0                       5
65                 99             2                       9
65                 100             0                       10
66                 11             4                       4
66                 12             3                       5
66                 19             1                       4
66                 22             2                       4
66                 41             1                       2
66                 47             1                       1
66                 56             1                       4
66                 60             1                       4
66                 61             1                       5
66                 62             3                       1
67                 7             3                       9
67                 8             0                       4
67                 12             4                       10
67                 17             2                       4
67                 20             1                       8
67                 35             2                       6
67                 70             2                       4
67                 72             1                       5
67                 73             3                       7
67                 86             1                       7
68                 16             0                       6
68                 30             3                       4
68                 43             1                       7
68                 72             0                       1
68                 73             2                       6
68                 76             0                       4
68                 94             2                       6
68                 98             4                       1
68                 99             2                       8
68                 100             3                       7
69                 16             3                       8
69                 19             4                       5
69                 35             1                       2
69                 39             2                       6
69                 49             2                       4
69                 60             0                       5
69                 67             0                       2
69                 74             2                       1
69                 75             2                       8
69                 79             3                       7
70                 3             3                       4
70                 4             3                       5
70                 5             1                       2
70                 7             0                       1
70                 8             2                       6
70                 19             1                       1
70                 26             1                       4
70                 45             0                       2
70                 50             4                       10
70                 57             2                       8
71                 8             0                       2
71                 12             0                       6
71                 19             0                       6
71                 26             2                       9
71                 28             0                       3
71                 36             4                       10
71                 47             2                       6
71                 54             2                       3
71                 64             0                       7
71                 66             0                       2
72                 21             3                       5
72                 29             2                       5
72                 33             2                       8
72                 46             3                       3
72                 48             2                       5
72                 50             4                       4
72                 52             0                       5
72                 53             2                       4
72                 58             4                       9
72                 62             1                       9
73                 5             2                       3
73                 17             1                       3
73                 23             2                       3
73                 37             4                       2
73                 48             0                       10
73                 65             0                       5
73                 68             3                       5
73                 77             4                       3
73                 91             0                       3
73                 97             3                       2
74                 3             0                       9
74                 7             3                       10
74                 19             0                       2
74                 27             0                       3
74                 49             0                       5
74                 58             3                       7
74                 70             4                       10
74                 74             3                       7
74                 78             0                       9
74                 88             2                       4
75                 7             1                       2
75                 13             2                       7
75                 17             0                       5
75                 20             2                       4
75                 21             0                       2
75                 23             3                       8
75                 55             1                       10
75                 56             3                       10
75                 67             4                       9
75                 87             0                       6
76                 6             1                       1
76                 17             3                       7
76                 31             4                       9
76                 34             0                       10
76                 43             1                       3
76                 56             0                       2
76                 65             0                       9
76                 70             4                       5
76                 73             2                       8
76                 75             0                       1
77                 8             3                       7
77                 20             4                       3
77                 36             4                       5
77                 42             4                       9
77                 44             4                       6
77                 48             3                       8
77                 57             2                       6
77                 62             0                       2
77                 68             0                       2
77                 70             0                       1
78                 8             3                       8
78                 10             0                       3
78                 28             0                       7
78                 29             2                       9
78                 30             0                       5
78                 36             1                       3
78                 52             3                       4
78                 64             2                       9
78                 67             4                       10
78                 73             1                       4
79                 12             2                       7
79                 40             4                       6
79                 42             1                       3
79                 47             2                       8
79                 55             3                       7
79                 59             1                       3
79                 88             2                       5
79                 90             3                       2
79                 91             1                       5
79                 93             4                       8
80                 2             2                       5
80                 28             3                       8
80                 30             0                       7
80                 54             2                       6
80                 61             2                       6
80                 66             0                       7
80                 68             2                       6
80                 79             4                       2
80                 87             3                       7
80                 89             3                       2
81                 1             1                       6
81                 5             1                       4
81                 13             2                       8
81                 16             2                       9
81                 29             1                       3
81                 44             2                       10
81                 59             3                       10
81                 60             1                       6
81                 74             1                       2
81                 79             2                       6
82                 15             3                       9
82                 25             1                       4
82                 27             3                       10
82                 41             2                       10
82                 42             1                       10
82                 46             2                       8
82                 50             2                       5
82                 54             3                       7
82                 59             1                       4
82                 71             3                       2
83                 15             4                       10
83                 19             4                       10
83                 23             0                       1
83                 26             3                       7
83                 44             2                       2
83                 47             1                       10
83                 56             0                       3
83                 78             0                       10
83                 81             4                       6
83                 93             4                       10
84                 21             1                       4
84                 37             4                       10
84                 39             2                       9
84                 54             4                       9
84                 63             0                       3
84                 65             2                       3
84                 89             0                       3
84                 93             0                       5
84                 97             0                       3
84                 99             1                       3
85                 6             4                       10
85                 8             2                       10
85                 28             1                       4
85                 53             0                       1
85                 54             2                       4
85                 59             2                       7
85                 60             3                       10
85                 65             4                       10
85                 71             2                       3
85                 78             1                       5
86                 1             4                       10
86                 11             3                       8
86                 18             0                       1
86                 38             4                       1
86                 44             3                       8
86                 65             2                       6
86                 71             1                       4
86                 72             1                       9
86                 84             0                       2
86                 98             3                       5
87                 7             1                       3
87                 32             1                       5
87                 44             0                       3
87                 59             0                       5
87                 64             4                       10
87                 65             1                       4
87                 69             0                       2
87                 85             4                       10
87                 91             1                       6
87                 97             3                       4
88                 2             3                       9
88                 13             0                       5
88                 20             4                       9
88                 28             3                       9
88                 34             4                       5
88                 37             1                       5
88                 60             2                       7
88                 69             2                       10
88                 75             4                       9
88                 78             1                       6
89                 9             4                       10
89                 26             2                       6
89                 38             3                       7
89                 68             3                       8
89                 73             3                       9
89                 84             0                       3
89                 95             4                       2
89                 98             0                       2
89                 99             1                       4
89                 100             0                       3
90                 9             3                       8
90                 21             2                       6
90                 23             0                       2
90                 31             3                       7
90                 45             1                       7
90                 51             2                       7
90                 53             3                       6
90                 76             4                       9
90                 78             0                       3
90                 81             2                       9
91                 15             0                       2
91                 20             2                       5
91                 23             2                       6
91                 26             3                       8
91                 29             4                       10
91                 36             3                       7
91                 43             3                       9
91                 51             1                       5
91                 61             1                       10
91                 63             2                       9
92                 11             4                       10
92                 27             0                       8
92                 39             2                       7
92                 44             3                       9
92                 49             1                       6
92                 58             0                       4
92                 78             2                       7
92                 87             0                       2
92                 94             1                       3
92                 100             1                       8
93                 4             4                       8
93                 17             4                       10
93                 18             3                       9
93                 19             1                       7
93                 39             0                       2
93                 41             4                       4
93                 46             2                       6
93                 55             3                       8
93                 61             0                       1
93                 62             2                       10
94                 25             4                       10
94                 26             1                       10
94                 27             1                       4
94                 51             4                       6
94                 53             1                       10
94                 63             2                       10
94                 66             0                       3
94                 80             1                       4
94                 88             4                       1
94                 90             3                       10
95                 6             3                       9
95                 22             1                       1
95                 30             3                       10
95                 54             3                       10
95                 55             1                       5
95                 61             2                       9
95                 81             4                       10
95                 89             3                       8
95                 92             2                       5
95                 94             2                       9
96                 1             1                       7
96                 16             2                       10
96                 22             2                       7
96                 25             3                       7
96                 33             0                       4
96                 52             1                       6
96                 61             0                       2
96                 68             0                       9
96                 78             3                       4
96                 87             1                       8
97                 20             4                       10
97                 23             4                       9
97                 45             3                       9
97                 80             3                       7
97                 92             4                       10
97                 94             4                       10
97                 97             3                       9
97                 98             2                       6
97                 99             4                       10
97                 100             2                       5
98                 3             4                       10
98                 11             0                       5
98                 21             2                       7
98                 22             4                       10
98                 38             4                       10
98                 57             4                       7
98                 72             3                       10
98                 74             2                       5
98                 88             3                       8
98                 95             2                       10
99                 5             2                       5
99                 9             3                       3
99                 14             4                       10
99                 15             0                       3
99                 33             0                       10
99                 58             2                       10
99                 67             1                       3
99                 87             2                       9
99                 88             3                       2
99                 90             1                       4
100                 9             1                       4
100                 31             4                       10
100                 36             3                       8
100                 43             1                       4
100                 48             0                       3
100                 59             1                       6
100                 64             2                       4
100                 82             2                       7
100                 85             3                       8
100                 89             4                       10