14
1                 30             1                       8
1                 37             3                       1
1                 38             0                       8
1                 48             2                       8
1                 57             4                       2
1                 70             3                       1
1                 83             2                       8
1                 84             1                       4
1                 86             3                       10
1                 90             2                       10
2                 18             2                       1
2                 19             4                       4
2                 20             0                       8
2                 28             0                       7
2                 30             1                       7
2                 38             2                       1
2                 42             0                       7
2                 51             2                       1
2                 58             3                       1
2                 62             3                       9
3                 12             4                       1
3                 14             0                       9
3                 15             2                       7
3                 22             3                       8
3                 25             4                       4
3                 47             4                       2
3                 52             4                       3
3                 66             2                       9
3                 67             0                       6
3                 69             4                       1
4                 12             0                       9
4                 35             4                       1
4                 43             4                       1
4                 47             2                       8
4                 68             3                       8
4                 74             1                       7
4                 75             1                       8
4                 78             4                       5
4                 81             2                       1
4                 89             2                       1
5                 5             1                       5
5                 7             2                       8
5                 8             1                       1
5                 20             3                       1
5                 29             2                       4
5                 37             1                       6
5                 45             3                       8
5                 48             4                       4
5                 60             4                       1
5                 68             1                       5
6                 6             2                       5
6                 13             0                       6
6                 27             1                       1
6                 41             1                       6
6                 49             4                       2
6                 60             1                       5
6                 68             4                       1
6                 72             1                       1
6                 73             4                       4
6                 79             1                       5
7                 16             2                       1
7                 24             1                       5
7                 26             3                       6
7                 30             0                       9
7                 43             2                       5
7                 58             0                       2
7                 73             1                       8
7                 76             2                       2
7                 81             0                       6
7                 85             4                       2
8                 10             3                       1
8                 11             0                       10
8                 18             3                       9
8                 25             0                       5
8                 29             0                       5
8                 56             0                       4
8                 74             2                       6
8                 90             3                       1
8                 95             0                       9
8                 97             2                       1
9                 4             3                       3
9                 35             0                       9
9                 43             1                       8
9                 55             0                       9
9                 77             4                       3
9                 88             0                       4
9                 92             3                       4
9                 94             3                       3
9                 98             3                       1
9                 99             1                       8
10                 21             4                       7
10                 22             0                       6
10                 27             3                       2
10                 40             2                       6
10                 50             2                       1
10                 75             1                       1
10                 85             1                       10
10                 86             2                       7
10                 89             2                       2
10                 90             0                       8
11                 16             2                       4
11                 23             4                       1
11                 24             2                       3
11                 42             1                       1
11                 45             0                       5
11                 54             4                       1
11                 63             3                       4
11                 64             1                       6
11                 71             2                       7
11                 75             1                       4
12                 3             2                       2
12                 17             4                       7
12                 24             2                       1
12                 59             1                       1
12                 61             4                       4
12                 62             1                       6
12                 64             3                       3
12                 79             0                       6
12                 86             2                       2
12                 93             3                       1
13                 11             1                       7
13                 14             0                       6
13                 29             0                       6
13                 30             2                       3
13                 33             4                       7
13                 41             0                       7
13                 42             3                       2
13                 59             3                       3
13                 73             2                       1
13                 79             3                       2
14                 35             0                       5
14                 38             1                       2
14                 47             2                       3
14                 60             3                       6
14                 64             0                       7
14                 80             1                       7
14                 82             2                       6
14                 83             2                       2
14                 95             0                       3
14                 96             2                       1
15                 9             2                       6
15                 21             3                       9
15                 39             3                       1
15                 53             3                       1
15                 61             2                       8
15                 67             3                       7
15                 94             1                       7
15                 96             0                       8
15                 97             3                       10
15                 98             0                       7
16                 36             4                       1
16                 54             2                       8
16                 64             3                       8
16                 67             2                       1
16                 72             1                       7
16                 80             2                       2
16                 90             4                       5
16                 91             1                       7
16                 92             4                       6
16                 94             4                       1
17                 3             2                       8
17                 8             3                       4
17                 13             0                       7
17                 14             2                       1
17                 25             2                       9
17                 33             3                       6
17                 50             3                       4
17                 55             1                       1
17                 65             3                       10
17                 80             1                       1
18                 7             3                       5
18                 9             0                       4
18                 39             4                       4
18                 57             1                       9
18                 61             2                       9
18                 63             0                       8
18                 83             0                       5
18                 87             1                       4
18                 92             0                       9
18                 96             2                       2
19                 2             3                       2
19                 9             4                       5
19                 15             3                       9
19                 16             2                       5
19                 22             4                       7
19                 31             3                       1
19                 41             1                       1
19                 44             3                       1
19                 45             1                       9
19                 50             4                       6
20                 2             4                       3
20                 7             1                       9
20                 9             4                       1
20                 36             2                       5
20                 54             2                       2
20                 66             2                       8
20                 74             2                       8
20                 78             1                       6
20                 97             0                       2
20                 98             0                       8
21                 1             2                       1
21                 20             3                       7
21                 40             0                       2
21                 55             0                       7
21                 56             2                       5
21                 62             4                       7
21                 64             3                       4
21                 69             0                       9
21                 84             2                       1
21                 87             3                       1
22                 3             1                       3
22                 22             0                       1
22                 34             1                       9
22                 52             1                       9
22                 64             1                       9
22                 74             4                       1
22                 78             0                       3
22                 79             1                       9
22                 84             2                       9
22                 86             4                       8
23                 10             2                       6
23                 27             0                       3
23                 31             0                       6
23                 47             4                       9
23                 49             0                       4
23                 51             0                       9
23                 59             1                       4
23                 61             3                       7
23                 69             3                       5
23                 79             4                       3
24                 6             3                       1
24                 10             0                       7
24                 39             0                       6
24                 56             0                       10
24                 68             4                       6
24                 72             0                       5
24                 77             4                       4
24                 79             4                       10
24                 80             3                       3
24                 81             2                       7
25                 2             2                       8
25                 3             2                       10
25                 12             0                       10
25                 46             4                       5
25                 47             1                       10
25                 56             3                       8
25                 63             1                       10
25                 72             3                       2
25                 76             1                       7
25                 81             1                       8
26                 8             0                       5
26                 27             4                       4
26                 42             3                       6
26                 57             0                       3
26                 59             2                       5
26                 74             3                       2
26                 76             3                       3
26                 92             0                       1
26                 96             0                       9
26                 99             4                       3
27                 1             0                       5
27                 11             0                       5
27                 21             2                       1
27                 22             2                       2
27                 33             2                       8
27                 46             1                       6
27                 57             4                       4
27                 68             2                       4
27                 82             3                       2
27                 83             3                       6
28                 4             2                       4
28                 5             0                       8
28                 24             0                       6
28                 30             0                       1
28                 33             1                       9
28                 37             2                       3
28                 41             3                       3
28                 43             2                       2
28                 48             2                       1
28                 82             2                       9
29                 1             3                       2
29                 28             4                       1
29                 32             1                       4
29                 39             0                       2
29                 44             0                       9
29                 78             0                       1
29                 80             3                       8
29                 86             2                       3
29                 90             2                       6
29                 98             0                       4
30                 7             3                       3
30                 9             2                       2
30                 12             1                       2
30                 15             4                       1
30                 20             1                       9
30                 37             2                       7
30                 40             4                       7
30                 44             1                       2
30                 49             2                       1
30                 54             4                       5
31                 2             2                       4
31                 6             0                       7
31                 13             2                       1
31                 19             2                       8
31                 25             1                       6
31                 29             1                       7
31                 46             3                       3
31                 47             1                       4
31                 50             2                       7
31                 59             1                       6
32                 17             2                       8
32                 55             1                       5
32                 59             2                       8
32                 60             3                       2
32                 70             3                       5
32                 74             2                       3
32                 87             2                       5
32                 92             1                       5
32                 99             1                       1
32                 100             3                       6
33                 5             2                       4
33                 10             3                       5
33                 13             2                       8
33                 16             0                       6
33                 19             1                       1
33                 52             2                       10
33                 69             0                       7
33                 88             1                       1
33                 92             1                       7
33                 95             1                       1
34                 9             4                       7
34                 13             2                       2
34                 14             0                       2
34                 34             3                       1
34                 43             4                       3
34                 55             3                       2
34                 59             1                       10
34                 63             0                       1
34                 68             1                       9
34                 85             1                       6
35                 1             2                       9
35                 10             0                       2
35                 38             0                       3
35                 61             4                       5
35                 69             1                       3
35                 81             0                       2
35                 82             0                       10
35                 90             2                       2
35                 93             1                       6
35                 94             1                       8
36                 20             2                       10
36                 27             3                       5
36                 32             3                       5
36                 33             0                       1
36                 35             0                       7
36                 46             0                       7
36                 63             3                       2
36                 79             3                       7
36                 88             1                       7
36                 93             4                       9
37                 6             0                       2
37                 8             1                       9
37                 29             0                       1
37                 30             3                       4
37                 31             0                       5
37                 37             1                       8
37                 39             3                       7
37                 61             0                       1
37                 67             2                       8
37                 85             2                       3
38                 10             0                       8
38                 15             0                       10
38                 19             0                       2
38                 21             4                       2
38                 49             4                       5
38                 57             1                       1
38                 62             2                       4
38                 65             0                       5
38                 71             1                       1
38                 83             1                       7
39                 8             0                       7
39                 19             1                       3
39                 26             1                       3
39                 31             1                       8
39                 45             4                       6
39                 48             3                       5
39                 50             3                       8
39                 77             1                       8
39                 82             4                       1
39                 96             0                       4
40                 7             2                       4
40                 21             3                       8
40                 23             4                       4
40                 25             0                       1
40                 45             0                       1
40                 49             1                       8
40                 50             0                       2
40                 63             1                       5
40                 70             0                       6
40                 73             3                       2
41                 6             1                       8
41                 26             0                       4
41                 29             2                       2
41                 39             0                       8
41                 52             1                       1
41                 54             1                       6
41                 56             0                       1
41                 57             2                       6
41                 58             4                       3
41                 67             0                       9
42                 13             0                       9
42                 33             0                       2
42                 37             1                       4
42                 52             0                       4
42                 58             4                       4
42                 66             4                       4
42                 69             2                       6
42                 70             0                       2
42                 73             1                       3
42                 82             2                       3
43                 7             1                       6
43                 16             2                       7
43                 18             2                       10
43                 21             1                       10
43                 31             4                       4
43                 36             3                       3
43                 38             0                       6
43                 58             1                       6
43                 66             2                       2
43                 67             4                       2
44                 2             3                       6
44                 33             0                       3
44                 67             4                       10
44                 68             3                       2
44                 71             0                       3
44                 73             2                       5
44                 75             3                       5
44                 80             1                       6
44                 93             1                       10
44                 99             4                       4
45                 7             0                       1
45                 8             2                       2
45                 11             0                       1
45                 25             4                       10
45                 65             3                       1
45                 76             3                       1
45                 78             1                       2
45                 83             2                       1
45                 89             4                       4
45                 100             3                       7
46                 12             0                       5
46                 28             4                       2
46                 32             2                       2
46                 35             2                       2
46                 42             2                       8
46                 62             0                       1
46                 69             4                       10
46                 80             4                       9
46                 84             1                       7
46                 87             4                       2
47                 12             4                       3
47                 19             2                       5
47                 23             3                       6
47                 26             2                       9
47                 28             0                       8
47                 33             4                       5
47                 34             0                       10
47                 49             3                       6
47                 63             1                       9
47                 70             4                       3
48                 11             4                       2
48                 26             3                       5
48                 34             4                       4
48                 40             4                       3
48                 44             2                       6
48                 62             3                       3
48                 69             2                       8
48                 86             3                       4
48                 88             3                       9
48                 97             0                       5
49                 2             2                       7
49                 5             4                       1
49                 29             2                       3
49                 36             2                       2
49                 43             3                       6
49                 56             4                       2
49                 81             0                       3
49                 87             1                       8
49                 95             4                       2
49                 97             0                       3
50                 3             2                       4
50                 16             1                       8
50                 21             1                       3
50                 27             1                       6
50                 29             2                       8
50                 48             0                       2
50                 54             0                       9
50                 60             1                       7
50                 79             3                       1
50                 92             0                       2
51                 1             2                       6
51                 16             0                       9
51                 27             3                       7
51                 30             1                       5
51                 32             2                       7
51                 44             1                       7
51                 45             2                       2
51                 48             3                       6
51                 64             2                       5
51                 66             1                       5
52                 12             3                       7
52                 18             4                       2
52                 28             3                       9
52                 38             0                       4
52                 48             4                       3
52                 58             0                       9
52                 70             2                       7
52                 75             2                       6
52                 77             4                       5
52                 94             1                       4
53                 22             3                       3
53                 38             3                       10
53                 41             0                       4
53                 43             4                       9
53                 46             2                       8
53                 54             3                       7
53                 66             1                       3
53                 88             1                       2
53                 89             2                       5
53                 91             4                       5
54                 8             2                       8
54                 17             1                       3
54                 19             3                       6
54                 22             4                       9
54                 41             3                       8
54                 51             0                       2
54                 66             3                       6
54                 74             2                       4
54                 80             0                       4
54                 92             4                       3
55                 4             0                       1
55                 15             2                       4
55                 26             1                       1
55                 31             4                       9
55                 42             0                       3
55                 51             1                       3
55                 70             4                       9
55                 85             2                       1
55                 87             3                       3
55                 91             4                       1
56                 10             3                       3
56                 15             0                       2
56                 28             2                       4
56                 71             0                       4
56                 77             0                       1
56                 95             4                       5
56                 97             4                       9
56                 98             4                       9
56                 99             4                       9
56                 100             0                       8
57                 12             0                       4
57                 18             2                       3
57                 24             2                       7
57                 36             4                       7
57                 69             1                       4
57                 72             0                       8
57                 76             2                       5
57                 78             2                       8
57                 89             2                       6
57                 93             3                       7
58                 20             1                       3
58                 30             3                       2
58                 38             0                       9
58                 44             2                       3
58                 55             2                       8
58                 58             0                       8
58                 67             1                       3
58                 68             4                       10
58                 72             0                       3
58                 74             4                       5
59                 10             4                       9
59                 14             1                       3
59                 23             1                       2
59                 32             4                       3
59                 41             3                       9
59                 42             1                       4
59                 52             4                       5
59                 60             3                       3
59                 65             0                       2
59                 79             3                       8
60                 5             0                       2
60                 12             3                       8
60                 18             2                       4
60                 40             4                       5
60                 41             3                       10
60                 47             4                       5
60                 78             4                       9
60                 91             3                       8
60                 96             3                       10
60                 100             2                       9
61                 24             4                       10
61                 26             1                       10
61                 36             4                       8
61                 37             2                       9
61                 40             2                       1
61                 46             3                       1
61                 62             0                       2
61                 70             0                       10
61                 71             4                       8
61                 77             1                       9
62                 1             1                       4
62                 3             4                       5
62                 11             0                       3
62                 33             0                       4
62                 34             0                       7
62                 43             3                       7
62                 45             4                       10
62                 50             3                       10
62                 59             1                       9
62                 64             4                       10
63                 15             2                       5
63                 17             3                       9
63                 40             4                       8
63                 42             3                       9
63                 77             3                       7
63                 82             3                       7
63                 84             1                       2
63                 86             0                       1
63                 87             3                       6
63                 88             2                       8
64                 2             2                       9
64                 40             3                       9
64                 56             2                       6
64                 58             2                       7
64                 61             0                       2
64                 78             3                       4
64                 91             4                       2
64                 93             1                       2
64                 94             2                       6
64                 95             2                       6
65                 3             3                       6
65                 4             1                       2
65                 7             2                       7
65                 11             1                       4
65                 15             4                       8
65                 16             2                       3
65                 28             1                       3
65                 32             0                       1
65                 49             3                       7
65                 54             1                       3
66                 5             2                       6
66                 9             0                       8
66                 15             0                       3
66                 22             1                       4
66                 24             2                       4
66                 28             3                       5
66                 34             0                       2
66                 55             0                       3
66                 62             3                       10
66                 76             4                       10
67                 39             1                       5
67                 90             1                       7
67                 93             4                       3
67                 94             0                       2
67                 95             1                       4
67                 96             1                       5
67                 97             2                       4
67                 98             4                       10
67                 99             0                       2
67                 100             1                       3
68                 3             3                       9
68                 28             4                       10
68                 29             3                       9
68                 31             3                       7
68                 36             0                       4
68                 46             0                       2
68                 56             3                       9
68                 57             1                       10
68                 72             0                       4
68                 74             4                       9
69                 19             2                       9
69                 23             4                       3
69                 24             0                       2
69                 57             2                       7
69                 63             2                       7
69                 71             4                       9
69                 82             3                       8
69                 84             3                       3
69                 85             3                       8
69                 92             2                       10
70                 14             0                       5
70                 19             4                       10
70                 34             4                       3
70                 55             3                       10
70                 71             4                       10
70                 72             3                       6
70                 77             2                       6
70                 89             0                       7
70                 95             3                       8
70                 98             3                       2
71                 2             4                       10
71                 13             4                       10
71                 30             1                       6
71                 40             4                       10
71                 53             1                       6
71                 57             3                       8
71                 60             3                       8
71                 61             4                       6
71                 73             2                       10
71                 83             4                       10
72                 25             3                       7
72                 31             0                       2
72                 50             0                       5
72                 53             4                       4
72                 65             4                       7
72                 71             4                       5
72                 73             2                       6
72                 74             4                       10
72                 82             4                       4
72                 84             2                       5
73                 11             2                       6
73                 26             2                       7
73                 39             3                       3
73                 44             4                       10
73                 63             4                       6
73                 75             0                       2
73                 81             0                       9
73                 85             0                       7
73                 90             1                       3
73                 94             0                       10
74                 1             2                       7
74                 4             3                       8
74                 35             0                       3
74                 39             3                       9
74                 48             3                       7
74                 51             4                       4
74                 52             3                       7
74                 58             0                       10
74                 65             2                       3
74                 68             1                       3
75                 17             1                       1
75                 23             1                       7
75                 25             3                       8
75                 54             4                       10
75                 86             2                       5
75                 87             4                       9
75                 94             3                       5
75                 96             1                       6
75                 97             2                       6
75                 100             1                       4
76                 2             0                       1
76                 9             1                       3
76                 18             2                       5
76                 48             3                       9
76                 59             0                       7
76                 60             1                       4
76                 66             4                       10
76                 68             3                       7
76                 71             1                       2
76                 85             1                       4
77                 4             1                       6
77                 5             3                       3
77                 10             4                       10
77                 22             4                       10
77                 27             1                       8
77                 32             3                       8
77                 41             2                       5
77                 46             4                       9
77                 66             2                       7
77                 69             3                       2
78                 6             4                       10
78                 20             1                       4
78                 23             3                       5
78                 47             3                       6
78                 48             4                       10
78                 49             4                       9
78                 51             1                       5
78                 53             2                       8
78                 54             1                       4
78                 59             0                       2
79                 15             3                       6
79                 17             0                       4
79                 19             2                       7
79                 32             1                       9
79                 38             1                       7
79                 51             4                       10
79                 71             2                       6
79                 75             4                       10
79                 78             4                       10
79                 86             3                       6
80                 1             0                       10
80                 13             1                       4
80                 18             1                       6
80                 24             2                       8
80                 27             4                       9
80                 33             3                       10
80                 35             1                       6
80                 37             0                       2
80                 50             3                       9
80                 65             3                       8
81                 5             2                       7
81                 6             2                       3
81                 39             1                       10
81                 43             2                       10
81                 53             1                       2
81                 58             0                       5
81                 76             0                       8
81                 86             2                       9
81                 88             0                       5
81                 91             3                       6
82                 1             3                       8
82                 5             0                       9
82                 8             0                       3
82                 9             4                       9
82                 37             0                       10
82                 43             3                       4
82                 49             2                       10
82                 50             0                       3
82                 53             2                       3
82                 75             1                       9
83                 8             3                       10
83                 14             2                       7
83                 17             1                       5
83                 32             4                       10
83                 34             2                       6
83                 36             4                       9
83                 52             0                       2
83                 73             3                       9
83                 75             0                       7
83                 81             2                       4
84                 2             4                       5
84                 11             3                       9
84                 14             4                       10
84                 67             1                       4
84                 82             2                       5
84                 83             3                       9
84                 88             2                       6
84                 89             3                       9
84                 96             1                       7
84                 98             1                       5
85                 9             4                       10
85                 18             3                       7
85                 20             1                       5
85                 27             4                       10
85                 46             1                       4
85                 53             4                       9
85                 62             2                       5
85                 70             3                       8
85                 79             2                       4
85                 83             1                       3
86                 14             4                       4
86                 21             2                       4
86                 32             2                       6
86                 51             3                       8
86                 80             1                       5
86                 84             4                       6
86                 85             3                       9
86                 88             3                       10
86                 91             4                       9
86                 92             3                       8
87                 6             1                       6
87                 16             2                       2
87                 28             4                       6
87                 34             1                       5
87                 36             0                       10
87                 41             3                       2
87                 51             0                       6
87                 55             0                       6
87                 60             1                       10
87                 73             1                       7
88                 4             4                       10
88                 23             4                       8
88                 31             4                       10
88                 37             2                       5
88                 40             2                       4
88                 81             4                       10
88                 89             2                       10
88                 91             1                       10
88                 97             2                       7
88                 99             2                       6
89                 23             4                       9
89                 44             0                       4
89                 51             0                       7
89                 84             3                       8
89                 89             1                       3
89                 91             2                       3
89                 95             2                       10
89                 96             1                       3
89                 98             1                       3
89                 100             2                       10
90                 20             3                       6
90                 53             3                       7
90                 56             1                       7
90                 63             0                       3
90                 83             1                       4
90                 87             3                       7
90                 91             2                       4
90                 93             1                       8
90                 99             0                       5
90                 100             1                       5
91                 6             0                       4
91                 10             0                       4
91                 34             3                       8
91                 35             4                       10
91                 44             2                       8
91                 60             3                       9
91                 64             3                       1
91                 65             1                       4
91                 76             1                       6
91                 80             4                       10
92                 3             2                       7
92                 21             2                       5
92                 22             0                       5
92                 52             2                       6
92                 76             3                       9
92                 95             2                       7
92                 97             0                       8
92                 98             1                       6
92                 99             3                       7
92                 100             3                       1
93                 4             1                       9
93                 16             3                       10
93                 29             3                       10
93                 62             4                       8
93                 64             0                       2
93                 89             0                       8
93                 90             1                       4
93                 93             3                       4
93                 99             1                       10
93                 100             0                       2
94                 11             2                       8
94                 12             2                       6
94                 17             3                       6
94                 26             0                       2
94                 35             2                       8
94                 45             4                       3
94                 46             4                       10
94                 81             2                       5
94                 90             3                       9
94                 93             2                       5
95                 6             0                       9
95                 7             4                       10
95                 13             2                       3
95                 14             3                       8
95                 21             1                       6
95                 42             4                       10
95                 45             3                       7
95                 47             3                       7
95                 65             2                       6
95                 85             1                       5
96                 7             0                       2
96                 8             1                       6
96                 18             4                       8
96                 23             0                       10
96                 44             1                       5
96                 45             1                       4
96                 47             0                       1
96                 52             3                       8
96                 55             2                       4
96                 56             1                       3
97                 4             0                       5
97                 20             0                       2
97                 25             2                       2
97                 30             4                       10
97                 38             2                       5
97                 53             1                       5
97                 61             2                       10
97                 66             0                       1
97                 70             1                       4
97                 84             4                       10
98                 5             4                       10
98                 17             4                       10
98                 24             1                       9
98                 57             1                       5
98                 61             0                       3
98                 65             0                       9
98                 72             3                       9
98                 75             0                       3
98                 76             1                       4
98                 77             1                       10
99                 3             0                       1
99                 4             2                       7
99                 25             3                       3
99                 26             2                       8
99                 31             2                       3
99                 35             1                       4
99                 36             3                       6
99                 42             1                       5
99                 49             1                       3
99                 53             4                       10
100                 1             0                       3
100                 13             1                       5
100                 17             0                       2
100                 67             1                       5
100                 72             4                       10
100                 77             0                       2
100                 78             3                       7
100                 87             4                       10
100                 88             0                       3
100                 94             3                       9