14
1                 2             1                       8
1                 4             4                       1
1                 19             3                       3
1                 20             1                       8
1                 26             3                       1
1                 37             1                       9
1                 45             1                       10
1                 61             2                       1
1                 62             3                       5
1                 83             4                       4
2                 5             1                       5
2                 17             3                       9
2                 18             4                       3
2                 24             4                       4
2                 28             3                       10
2                 36             0                       8
2                 39             4                       1
2                 70             1                       1
2                 79             0                       9
2                 83             0                       5
3                 1             4                       3
3                 8             1                       7
3                 24             2                       7
3                 30             0                       8
3                 34             2                       3
3                 36             4                       1
3                 69             2                       7
3                 75             2                       4
3                 79             2                       1
3                 84             2                       3
4                 8             4                       3
4                 12             0                       9
4                 26             2                       4
4                 27             2                       9
4                 62             2                       7
4                 72             0                       3
4                 77             0                       6
4                 79             0                       7
4                 85             0                       8
4                 87             3                       3
5                 1             0                       9
5                 3             2                       5
5                 4             0                       8
5                 23             4                       2
5                 29             3                       7
5                 31             4                       6
5                 42             4                       4
5                 67             3                       2
5                 85             1                       5
5                 87             2                       7
6                 4             3                       9
6                 7             0                       9
6                 11             0                       6
6                 12             1                       5
6                 30             4                       2
6                 37             1                       10
6                 56             2                       7
6                 66             4                       6
6                 75             3                       7
6                 80             0                       8
7                 13             4                       1
7                 25             0                       9
7                 31             2                       9
7                 34             4                       6
7                 35             3                       1
7                 44             0                       3
7                 54             4                       2
7                 74             2                       1
7                 82             0                       2
7                 90             3                       1
8                 3             3                       1
8                 6             1                       6
8                 10             4                       5
8                 14             2                       1
8                 32             2                       8
8                 34             3                       8
8                 44             2                       6
8                 45             1                       1
8                 50             1                       1
8                 52             4                       1
9                 13             2                       4
9                 18             1                       7
9                 21             2                       1
9                 34             1                       5
9                 36             4                       5
9                 52             3                       2
9                 59             4                       4
9                 60             3                       1
9                 63             2                       4
9                 65             3                       1
10                 8             4                       1
10                 21             1                       7
10                 31             1                       1
10                 35             0                       6
10                 55             3                       1
10                 57             1                       5
10                 60             1                       7
10                 65             0                       5
10                 87             4                       4
10                 90             0                       6
11                 14             4                       3
11                 36             2                       6
11                 37             0                       4
11                 44             1                       1
11                 47             1                       5
11                 51             0                       7
11                 53             0                       5
11                 61             0                       3
11                 74             2                       4
11                 87             1                       5
12                 3             1                       9
12                 15             0                       7
12                 45             0                       4
12                 47             2                       1
12                 59             2                       6
12                 67             4                       4
12                 70             0                       3
12                 92             4                       1
12                 94             1                       6
12                 98             3                       1
13                 61             4                       4
13                 64             1                       6
13                 71             3                       1
13                 72             1                       7
13                 84             4                       8
13                 89             1                       1
13                 90             0                       9
13                 93             3                       3
13                 95             4                       3
13                 96             2                       8
14                 5             2                       8
14                 15             4                       1
14                 20             3                       5
14                 27             1                       4
14                 36             1                       4
14                 42             2                       9
14                 48             2                       7
14                 54             2                       8
14                 55             1                       6
14                 68             0                       9
15                 17             4                       6
15                 18             2                       8
15                 48             2                       8
15                 72             4                       8
15                 73             1                       9
15                 82             2                       8
15                 90             0                       7
15                 92             1                       8
15                 96             3                       3
15                 98             1                       2
16                 12             0                       6
16                 19             4                       1
16                 28             3                       1
16                 29             4                       5
16                 31             1                       3
16                 37             4                       5
16                 69             3                       4
16                 73             2                       1
16                 74             1                       5
16                 77             4                       3
17                 13             4                       5
17                 30             1                       9
17                 41             2                       8
17                 45             4                       5
17                 57             4                       6
17                 68             2                       10
17                 76             0                       9
17                 85             0                       6
17                 94             4                       1
17                 100             3                       9
18                 15             4                       2
18                 26             3                       3
18                 35             4                       7
18                 47             0                       6
18                 50             1                       7
18                 51             0                       5
18                 52             3                       8
18                 70             3                       10
18                 81             4                       6
18                 83             4                       7
19                 1             1                       8
19                 11             4                       3
19                 22             2                       4
19                 24             3                       1
19                 64             1                       10
19                 71             4                       2
19                 82             4                       9
19                 83             4                       1
19                 85             4                       1
19                 90             4                       10
20                 8             3                       8
20                 36             0                       2
20                 42             3                       2
20                 80             4                       7
20                 84             1                       1
20                 86             0                       8
20                 90             3                       2
20                 93             4                       1
20                 94             2                       2
20                 95             3                       9
21                 30             1                       3
21                 37             3                       8
21                 40             4                       1
21                 52             4                       6
21                 57             2                       10
21                 61             3                       5
21                 66             2                       8
21                 67             2                       8
21                 75             0                       8
21                 84             3                       10
22                 26             1                       5
22                 29             4                       6
22                 37             0                       1
22                 73             1                       6
22                 77             1                       9
22                 87             2                       6
22                 91             2                       2
22                 94             3                       3
22                 95             0                       4
22                 97             0                       7
23                 13             2                       6
23                 24             0                       8
23                 49             2                       1
23                 63             3                       5
23                 64             2                       1
23                 86             4                       1
23                 88             2                       1
23                 94             3                       7
23                 99             0                       9
23                 100             3                       10
24                 10             4                       3
24                 17             4                       1
24                 25             3                       3
24                 43             4                       3
24                 44             3                       5
24                 48             1                       9
24                 55             3                       7
24                 58             4                       4
24                 68             2                       4
24                 69             1                       8
25                 1             2                       6
25                 25             1                       5
25                 33             4                       1
25                 41             3                       3
25                 53             2                       1
25                 57             3                       8
25                 65             0                       9
25                 67             4                       3
25                 68             1                       6
25                 69             1                       9
26                 20             4                       1
26                 22             0                       5
26                 58             2                       9
26                 66             4                       7
26                 70             3                       5
26                 81             4                       1
26                 82             1                       10
26                 88             1                       7
26                 89             1                       9
26                 94             0                       8
27                 6             4                       3
27                 17             1                       10
27                 21             4                       8
27                 23             3                       1
27                 29             2                       3
27                 55             2                       8
27                 92             4                       4
27                 98             1                       6
27                 99             4                       1
27                 100             4                       4
28                 16             4                       5
28                 27             2                       3
28                 29             4                       4
28                 44             3                       9
28                 51             1                       1
28                 57             1                       9
28                 61             3                       6
28                 62             3                       10
28                 76             0                       4
28                 78             0                       6
29                 9             0                       7
29                 13             1                       7
29                 21             3                       9
29                 24             3                       5
29                 31             2                       10
29                 33             0                       9
29                 41             1                       6
29                 42             2                       5
29                 54             3                       4
29                 59             4                       5
30                 3             1                       7
30                 16             4                       1
30                 24             4                       2
30                 27             2                       10
30                 36             3                       3
30                 38             0                       4
30                 48             4                       2
30                 54             2                       7
30                 75             1                       5
30                 78             3                       8
31                 5             3                       6
31                 9             3                       1
31                 16             1                       6
31                 17             1                       2
31                 32             2                       1
31                 39             2                       9
31                 46             4                       2
31                 50             2                       3
31                 55             0                       9
31                 57             1                       1
32                 4             4                       4
32                 7             0                       5
32                 13             1                       9
32                 18             3                       6
32                 20             1                       2
32                 51             2                       6
32                 54             1                       3
32                 64             2                       2
32                 65             2                       2
32                 72             1                       4
33                 2             2                       1
33                 6             4                       1
33                 12             3                       1
33                 14             3                       7
33                 29             3                       8
33                 32             1                       4
33                 67             1                       9
33                 75             0                       9
33                 91             2                       4
33                 92             4                       2
34                 5             4                       1
34                 17             3                       3
34                 21             2                       5
34                 29             4                       9
34                 46             3                       7
34                 50             0                       2
34                 60             2                       2
34                 65             4                       3
34                 82             2                       5
34                 91             1                       5
35                 5             4                       9
35                 8             1                       4
35                 32             2                       3
35                 42             1                       8
35                 44             4                       10
35                 45             3                       6
35                 59             1                       1
35                 67             2                       5
35                 78             1                       9
35                 79             1                       2
36                 15             1                       8
36                 22             1                       6
36                 30             4                       4
36                 34             4                       7
36                 36             0                       9
36                 38             3                       8
36                 46             4                       5
36                 56             0                       8
36                 57             2                       7
36                 66             1                       9
37                 2             4                       2
37                 6             4                       7
37                 22             3                       7
37                 41             0                       9
37                 43             1                       7
37                 48             4                       1
37                 49             1                       6
37                 58             2                       5
37                 84             2                       6
37                 85             2                       4
38                 9             3                       2
38                 10             1                       6
38                 25             3                       2
38                 47             2                       2
38                 64             1                       3
38                 66             1                       1
38                 67             1                       7
38                 88             1                       3
38                 97             4                       5
38                 98             2                       4
39                 7             1                       1
39                 9             0                       8
39                 29             1                       2
39                 48             4                       10
39                 49             1                       9
39                 54             4                       5
39                 69             0                       1
39                 78             3                       4
39                 90             0                       3
39                 92             2                       5
40                 12             1                       2
40                 38             4                       7
40                 43             3                       8
40                 53             4                       6
40                 55             1                       3
40                 68             2                       7
40                 71             2                       7
40                 72             4                       9
40                 82             1                       1
40                 86             3                       2
41                 7             0                       2
41                 20             1                       10
41                 26             3                       6
41                 48             3                       6
41                 58             2                       6
41                 74             1                       6
41                 88             3                       4
41                 91             2                       3
41                 95             4                       6
41                 97             2                       8
42                 5             2                       7
42                 13             0                       2
42                 21             3                       10
42                 23             2                       3
42                 39             3                       7
42                 60             3                       3
42                 65             2                       6
42                 72             3                       5
42                 80             3                       3
42                 94             4                       9
43                 9             4                       4
43                 23             2                       4
43                 28             0                       7
43                 30             2                       5
43                 35             4                       8
43                 36             2                       10
43                 38             2                       5
43                 46             4                       1
43                 56             4                       4
43                 65             1                       4
44                 2             4                       4
44                 11             1                       7
44                 14             4                       6
44                 17             3                       7
44                 21             0                       6
44                 22             0                       8
44                 27             2                       5
44                 31             4                       7
44                 40             2                       7
44                 42             4                       6
45                 5             1                       2
45                 12             0                       7
45                 16             2                       3
45                 30             1                       10
45                 37             1                       2
45                 39             3                       5
45                 41             4                       5
45                 54             4                       9
45                 58             4                       7
45                 74             2                       2
46                 2             4                       9
46                 3             4                       10
46                 9             0                       3
46                 25             3                       6
46                 33             1                       2
46                 40             3                       3
46                 42             1                       3
46                 43             0                       9
46                 46             1                       8
46                 75             0                       1
47                 5             0                       10
47                 7             1                       6
47                 18             4                       5
47                 20             2                       6
47                 26             3                       2
47                 28             4                       8
47                 59             4                       7
47                 66             1                       2
47                 68             4                       1
47                 80             2                       10
48                 13             0                       3
48                 14             0                       4
48                 19             4                       2
48                 38             4                       6
48                 64             1                       7
48                 88             2                       5
48                 92             2                       6
48                 97             4                       1
48                 99             3                       6
48                 100             3                       3
49                 10             3                       7
49                 18             4                       9
49                 19             2                       4
49                 40             2                       8
49                 52             4                       9
49                 64             4                       4
49                 77             1                       7
49                 93             2                       4
49                 99             1                       3
49                 100             2                       5
50                 13             3                       8
50                 23             2                       5
50                 30             3                       6
50                 32             0                       2
50                 33             0                       3
50                 43             2                       5
50                 48             2                       3
50                 58             0                       1
50                 62             2                       8
50                 67             4                       10
51                 4             2                       5
51                 24             4                       9
51                 30             3                       7
51                 33             0                       10
51                 43             4                       6
51                 51             2                       2
51                 53             2                       7
51                 54             2                       6
51                 60             0                       6
51                 64             1                       5
52                 1             1                       10
52                 6             4                       8
52                 12             3                       10
52                 25             2                       7
52                 39             0                       10
52                 46             0                       9
52                 47             2                       7
52                 88             1                       6
52                 93             1                       5
52                 96             2                       2
53                 6             0                       9
53                 16             3                       7
53                 17             1                       4
53                 19             1                       8
53                 25             2                       4
53                 28             1                       4
53                 50             0                       4
53                 53             1                       9
53                 56             0                       1
53                 60             0                       8
54                 1             3                       4
54                 7             4                       10
54                 35             2                       9
54                 61             2                       9
54                 70             4                       6
54                 71             2                       5
54                 93             0                       2
54                 94             4                       10
54                 97             2                       9
54                 98             0                       9
55                 24             0                       3
55                 47             3                       10
55                 65             0                       8
55                 78             3                       5
55                 89             0                       4
55                 91             1                       6
55                 97             4                       6
55                 98             0                       3
55                 99             3                       4
55                 100             0                       1
56                 15             2                       6
56                 22             3                       9
56                 43             4                       10
56                 49             3                       2
56                 57             2                       2
56                 63             4                       8
56                 81             2                       7
56                 88             1                       10
56                 90             3                       8
56                 93             3                       8
57                 9             1                       5
57                 12             0                       3
57                 49             1                       7
57                 52             0                       10
57                 55             0                       2
57                 58             0                       2
57                 64             3                       8
57                 72             1                       1
57                 80             3                       1
57                 81             1                       2
58                 8             0                       9
58                 18             4                       4
58                 21             1                       2
58                 29             0                       1
58                 35             4                       3
58                 44             4                       7
58                 53             4                       10
58                 76             3                       1
58                 78             1                       10
58                 84             1                       7
59                 19             3                       5
59                 33             3                       4
59                 34             3                       9
59                 37             0                       3
59                 40             2                       4
59                 45             2                       7
59                 69             0                       2
59                 81             2                       4
59                 90             4                       4
59                 92             0                       9
60                 4             3                       6
60                 8             1                       10
60                 9             1                       10
60                 31             0                       4
60                 35             3                       10
60                 45             1                       9
60                 63             0                       1
60                 73             3                       10
60                 76             2                       5
60                 78             0                       1
61                 23             4                       6
61                 26             3                       7
61                 39             2                       8
61                 47             2                       8
61                 59             4                       8
61                 79             3                       10
61                 88             0                       2
61                 93             1                       9
61                 95             0                       1
61                 96             3                       6
62                 1             0                       1
62                 6             3                       10
62                 11             4                       4
62                 39             4                       6
62                 51             0                       3
62                 55             3                       10
62                 59             2                       9
62                 62             3                       6
62                 73             2                       2
62                 78             0                       2
63                 31             3                       8
63                 32             0                       5
63                 41             4                       1
63                 60             1                       4
63                 62             0                       1
63                 63             1                       6
63                 69             3                       5
63                 71             3                       6
63                 82             4                       3
63                 86             0                       5
64                 45             0                       2
64                 70             3                       7
64                 74             0                       7
64                 77             4                       10
64                 81             1                       8
64                 88             0                       8
64                 94             0                       4
64                 95             3                       7
64                 99             4                       10
64                 100             0                       2
65                 2             3                       6
65                 7             0                       7
65                 8             3                       5
65                 12             1                       4
65                 33             0                       5
65                 37             4                       6
65                 42             2                       7
65                 47             2                       4
65                 74             2                       8
65                 86             4                       9
66                 19             4                       9
66                 22             2                       1
66                 34             0                       1
66                 37             1                       7
66                 39             1                       2
66                 43             4                       1
66                 44             0                       2
66                 53             0                       2
66                 56             1                       9
66                 57             3                       3
67                 16             4                       8
67                 17             1                       5
67                 28             2                       2
67                 44             1                       4
67                 49             4                       10
67                 54             0                       1
67                 61             3                       7
67                 69             3                       6
67                 81             4                       9
67                 85             3                       2
68                 22             3                       2
68                 26             3                       8
68                 50             2                       5
68                 72             1                       6
68                 73             1                       3
68                 76             4                       2
68                 82             4                       6
68                 83             1                       8
68                 85             4                       9
68                 86             2                       6
69                 1             1                       5
69                 10             0                       1
69                 12             2                       8
69                 27             0                       1
69                 35             2                       4
69                 43             0                       2
69                 57             1                       4
69                 77             3                       1
69                 80             1                       9
69                 86             0                       3
70                 5             2                       3
70                 6             0                       2
70                 11             4                       1
70                 17             1                       8
70                 22             0                       3
70                 26             0                       9
70                 27             3                       6
70                 38             4                       9
70                 41             4                       10
70                 53             0                       3
71                 11             1                       8
71                 29             2                       10
71                 52             0                       7
71                 63             3                       10
71                 70             3                       4
71                 71             1                       8
71                 81             3                       10
71                 87             3                       8
71                 92             2                       7
71                 97             1                       4
72                 2             3                       7
72                 9             1                       6
72                 23             4                       8
72                 34             1                       4
72                 43             1                       4
72                 68             0                       2
72                 73             1                       7
72                 75             2                       6
72                 79             3                       3
72                 85             3                       7
73                 1             4                       2
73                 4             2                       10
73                 32             4                       6
73                 35             0                       2
73                 46             2                       4
73                 50             1                       6
73                 55             2                       4
73                 66             3                       10
73                 68             1                       5
73                 85             4                       10
74                 7             1                       8
74                 27             2                       7
74                 28             3                       9
74                 34             4                       10
74                 38             2                       10
74                 40             0                       9
74                 50             1                       8
74                 53             0                       8
74                 58             1                       10
74                 67             2                       6
75                 3             0                       2
75                 8             1                       6
75                 60             1                       5
75                 70             3                       8
75                 75             4                       10
75                 76             3                       6
75                 82             3                       7
75                 86             1                       4
75                 89             3                       5
75                 96             4                       9
76                 3             0                       3
76                 4             0                       2
76                 8             0                       2
76                 32             4                       9
76                 49             1                       3
76                 52             1                       5
76                 79             0                       4
76                 80             1                       4
76                 87             2                       2
76                 91             4                       7
77                 18             0                       1
77                 24             0                       6
77                 33             2                       8
77                 70             2                       9
77                 72             3                       10
77                 76             3                       7
77                 87             0                       1
77                 93             0                       10
77                 99             1                       5
77                 100             4                       6
78                 19             1                       10
78                 40             3                       5
78                 56             3                       5
78                 58             0                       3
78                 60             4                       9
78                 84             3                       9
78                 93             1                       6
78                 96             1                       4
78                 97             0                       2
78                 98             2                       7
79                 10             3                       8
79                 18             1                       10
79                 31             1                       5
79                 47             0                       3
79                 51             1                       8
79                 59             0                       2
79                 63             0                       2
79                 74             2                       3
79                 75             3                       2
79                 87             2                       9
80                 3             4                       6
80                 10             3                       4
80                 14             4                       8
80                 52             0                       3
80                 56             4                       2
80                 79             2                       8
80                 81             4                       5
80                 84             1                       4
80                 91             0                       1
80                 92             1                       3
81                 2             1                       3
81                 20             2                       9
81                 23             2                       9
81                 27             3                       8
81                 44             3                       8
81                 71             1                       3
81                 74             2                       9
81                 87             4                       10
81                 89             1                       6
81                 90             2                       5
82                 6             4                       5
82                 15             1                       3
82                 19             2                       6
82                 33             1                       6
82                 40             2                       6
82                 45             0                       3
82                 62             0                       2
82                 73             1                       4
82                 74             2                       10
82                 76             2                       3
83                 7             1                       3
83                 26             3                       10
83                 49             4                       4
83                 73             3                       5
83                 83             0                       9
83                 89             0                       7
83                 95             3                       8
83                 96             4                       10
83                 99             0                       2
83                 100             3                       7
84                 10             1                       9
84                 40             1                       2
84                 41             0                       2
84                 45             2                       8
84                 48             2                       4
84                 49             1                       5
84                 51             3                       9
84                 62             4                       9
84                 77             0                       2
84                 79             0                       5
85                 14             2                       5
85                 15             0                       9
85                 16             4                       9
85                 31             0                       2
85                 33             0                       7
85                 35             2                       5
85                 38             0                       1
85                 51             3                       10
85                 56             2                       6
85                 78             2                       7
86                 5             1                       4
86                 14             4                       9
86                 16             4                       2
86                 20             3                       3
86                 27             0                       2
86                 46             1                       3
86                 50             2                       9
86                 62             0                       3
86                 69             4                       10
86                 76             0                       8
87                 56             0                       3
87                 61             1                       2
87                 78             2                       3
87                 84             0                       2
87                 95             2                       10
87                 96             4                       5
87                 97             4                       10
87                 98             0                       5
87                 99             1                       7
87                 100             3                       8
88                 16             2                       4
88                 21             3                       3
88                 25             4                       1
88                 63             2                       7
88                 75             3                       3
88                 77             3                       4
88                 89             2                       8
88                 91             2                       9
88                 93             2                       7
88                 94             2                       5
89                 7             3                       4
89                 25             3                       8
89                 53             1                       4
89                 60             4                       10
89                 66             1                       3
89                 83             2                       6
89                 89             0                       2
89                 92             2                       10
89                 97             0                       3
89                 98             4                       10
90                 10             4                       10
90                 52             0                       4
90                 65             2                       7
90                 72             0                       2
90                 80             1                       5
90                 81             1                       3
90                 83             0                       2
90                 85             0                       3
90                 88             2                       9
90                 98             2                       8
91                 2             0                       5
91                 25             4                       10
91                 28             2                       5
91                 64             3                       9
91                 73             2                       8
91                 84             0                       5
91                 86             2                       7
91                 95             2                       2
91                 96             0                       1
91                 99             2                       8
92                 3             0                       4
92                 11             1                       5
92                 30             4                       1
92                 32             4                       10
92                 34             0                       2
92                 41             1                       4
92                 65             4                       10
92                 68             4                       8
92                 77             1                       5
92                 89             3                       10
93                 10             0                       2
93                 15             4                       4
93                 18             0                       2
93                 23             2                       10
93                 28             1                       3
93                 38             0                       2
93                 41             3                       7
93                 54             1                       10
93                 59             4                       10
93                 77             3                       8
94                 11             0                       2
94                 16             1                       10
94                 32             3                       7
94                 40             4                       10
94                 48             4                       5
94                 70             0                       2
94                 71             4                       9
94                 79             0                       6
94                 83             1                       3
94                 91             4                       10
95                 14             1                       10
95                 38             1                       3
95                 46             3                       6
95                 55             1                       5
95                 63             0                       3
95                 76             4                       10
95                 80             1                       6
95                 86             0                       10
95                 91             3                       8
95                 95             2                       5
96                 4             0                       3
96                 9             3                       9
96                 11             4                       9
96                 15             1                       5
96                 21             1                       4
96                 39             1                       3
96                 50             4                       10
96                 63             1                       9
96                 66             1                       4
96                 80             0                       2
97                 20             1                       4
97                 23             1                       7
97                 42             2                       10
97                 47             0                       9
97                 59             1                       3
97                 61             4                       10
97                 67             0                       1
97                 68             0                       3
97                 69             0                       3
97                 71             1                       10
98                 2             2                       10
98                 3             0                       8
98                 13             0                       10
98                 19             3                       7
98                 22             4                       10
98                 24             4                       10
98                 42             0                       1
98                 51             0                       4
98                 71             1                       4
98                 83             4                       10
99                 4             4                       7
99                 20             2                       7
99                 28             2                       6
99                 49             3                       8
99                 58             1                       8
99                 61             2                       8
99                 62             0                       4
99                 82             1                       4
99                 89             1                       3
99                 96             2                       7
100                 1             2                       7
100                 6             2                       4
100                 11             4                       10
100                 14             0                       2
100                 15             4                       10
100                 36             2                       7
100                 39             1                       4
100                 46             4                       10
100                 56             4                       10
100                 66             4                       5