14
1                 28             2                       2
1                 58             2                       7
1                 69             0                       8
1                 93             0                       9
1                 95             4                       2
1                 96             1                       4
1                 97             3                       2
1                 98             2                       1
1                 99             0                       5
1                 100             3                       10
2                 6             3                       1
2                 7             0                       5
2                 11             4                       1
2                 38             4                       2
2                 39             4                       1
2                 53             0                       2
2                 66             3                       3
2                 78             4                       3
2                 79             0                       4
2                 88             2                       1
3                 5             0                       7
3                 13             2                       8
3                 42             1                       1
3                 47             0                       7
3                 50             0                       6
3                 57             3                       2
3                 75             2                       1
3                 82             4                       1
3                 84             0                       9
3                 86             2                       9
4                 2             4                       2
4                 3             1                       8
4                 7             3                       1
4                 14             0                       8
4                 24             3                       9
4                 66             0                       10
4                 80             4                       4
4                 94             3                       9
4                 98             2                       8
4                 99             2                       9
5                 15             4                       1
5                 26             3                       5
5                 27             3                       1
5                 40             4                       1
5                 74             2                       3
5                 77             3                       1
5                 92             1                       1
5                 94             2                       1
5                 95             0                       5
5                 98             4                       3
6                 22             1                       6
6                 35             4                       6
6                 64             3                       7
6                 70             4                       6
6                 72             4                       3
6                 77             3                       8
6                 83             3                       9
6                 87             3                       1
6                 88             4                       5
6                 94             4                       7
7                 4             4                       1
7                 34             0                       9
7                 35             3                       9
7                 44             0                       7
7                 60             1                       9
7                 63             2                       1
7                 65             0                       6
7                 68             4                       1
7                 71             2                       10
7                 72             3                       2
8                 4             0                       8
8                 5             0                       4
8                 9             3                       2
8                 11             1                       2
8                 21             3                       3
8                 43             0                       8
8                 54             4                       1
8                 72             2                       8
8                 84             0                       4
8                 89             3                       5
9                 12             2                       6
9                 17             4                       1
9                 31             1                       9
9                 32             4                       4
9                 84             1                       1
9                 86             4                       6
9                 87             4                       2
9                 88             0                       6
9                 98             2                       2
9                 99             2                       1
10                 12             1                       4
10                 14             4                       1
10                 16             0                       5
10                 20             4                       1
10                 60             2                       5
10                 70             0                       7
10                 86             3                       1
10                 92             1                       3
10                 93             1                       1
10                 95             3                       9
11                 3             1                       1
11                 12             3                       5
11                 26             2                       8
11                 32             0                       8
11                 33             0                       4
11                 44             3                       8
11                 49             4                       7
11                 50             3                       1
11                 64             2                       1
11                 69             2                       5
12                 18             1                       8
12                 34             4                       1
12                 36             1                       3
12                 71             0                       7
12                 74             3                       6
12                 77             4                       4
12                 81             4                       4
12                 86             0                       7
12                 90             0                       7
12                 94             0                       3
13                 21             3                       1
13                 39             3                       5
13                 65             0                       5
13                 67             3                       3
13                 68             2                       8
13                 85             4                       3
13                 87             3                       4
13                 89             0                       2
13                 91             0                       8
13                 96             2                       3
14                 3             1                       9
14                 33             3                       1
14                 52             4                       1
14                 53             1                       3
14                 70             1                       5
14                 75             4                       6
14                 76             3                       4
14                 80             0                       5
14                 94             1                       2
14                 96             4                       5
15                 10             0                       6
15                 32             2                       6
15                 41             2                       8
15                 46             2                       8
15                 49             2                       8
15                 76             0                       6
15                 84             4                       2
15                 85             3                       8
15                 94             0                       6
15                 95             4                       7
16                 6             3                       2
16                 27             2                       8
16                 31             4                       1
16                 46             4                       6
16                 52             4                       5
16                 69             2                       1
16                 76             0                       9
16                 80             2                       9
16                 85             2                       6
16                 90             0                       4
17                 12             2                       3
17                 18             0                       9
17                 19             4                       4
17                 21             2                       6
17                 24             1                       6
17                 29             1                       9
17                 30             4                       6
17                 37             3                       2
17                 44             3                       3
17                 56             1                       1
18                 15             3                       3
18                 31             0                       10
18                 45             2                       7
18                 47             0                       8
18                 48             0                       7
18                 56             0                       4
18                 58             4                       3
18                 73             1                       6
18                 80             3                       7
18                 95             2                       6
19                 8             3                       1
19                 11             0                       4
19                 17             0                       9
19                 25             0                       4
19                 57             3                       5
19                 59             3                       4
19                 70             1                       3
19                 72             3                       4
19                 76             2                       5
19                 81             0                       8
20                 11             2                       5
20                 23             0                       4
20                 25             0                       7
20                 26             2                       4
20                 36             2                       1
20                 44             4                       1
20                 50             0                       8
20                 55             2                       9
20                 62             3                       7
20                 63             1                       4
21                 6             3                       4
21                 38             4                       5
21                 39             2                       6
21                 41             3                       4
21                 43             3                       5
21                 44             4                       9
21                 52             3                       6
21                 58             4                       1
21                 64             0                       4
21                 65             1                       1
22                 15             1                       8
22                 20             1                       7
22                 40             2                       7
22                 45             3                       5
22                 62             4                       4
22                 69             3                       2
22                 71             3                       1
22                 79             3                       2
22                 82             1                       8
22                 91             2                       9
23                 9             3                       3
23                 14             3                       9
23                 28             3                       1
23                 72             4                       9
23                 73             2                       1
23                 84             4                       5
23                 85             4                       9
23                 87             0                       3
23                 89             1                       6
23                 99             0                       4
24                 5             4                       1
24                 6             2                       7
24                 12             0                       7
24                 33             4                       5
24                 38             3                       7
24                 42             1                       5
24                 48             0                       1
24                 52             2                       7
24                 58             4                       2
24                 82             1                       4
25                 20             1                       5
25                 23             2                       1
25                 58             1                       8
25                 63             1                       9
25                 81             0                       9
25                 88             3                       9
25                 90             2                       1
25                 92             1                       9
25                 93             4                       3
25                 100             2                       3
26                 14             4                       5
26                 19             4                       6
26                 42             3                       2
26                 57             1                       6
26                 69             0                       6
26                 79             1                       7
26                 91             1                       4
26                 93             0                       4
26                 98             1                       4
26                 99             1                       2
27                 15             0                       9
27                 29             4                       2
27                 51             3                       1
27                 54             0                       5
27                 68             4                       4
27                 69             1                       7
27                 72             3                       5
27                 73             4                       7
27                 87             4                       8
27                 88             2                       10
28                 1             3                       1
28                 2             4                       1
28                 4             0                       4
28                 13             1                       1
28                 19             1                       7
28                 24             1                       5
28                 27             1                       6
28                 29             1                       10
28                 45             3                       2
28                 60             3                       6
29                 25             3                       1
29                 44             0                       2
29                 52             4                       2
29                 74             2                       7
29                 77             2                       5
29                 83             0                       10
29                 86             1                       10
29                 89             1                       3
29                 99             0                       3
29                 100             0                       1
30                 22             3                       3
30                 23             2                       2
30                 35             3                       3
30                 41             0                       9
30                 47             4                       1
30                 51             0                       7
30                 77             2                       2
30                 83             1                       6
30                 90             4                       8
30                 92             2                       4
31                 4             2                       9
31                 33             2                       8
31                 34             0                       5
31                 36             4                       8
31                 41             4                       5
31                 42             3                       7
31                 47             1                       2
31                 57             0                       3
31                 60             0                       10
31                 66             1                       8
32                 2             3                       3
32                 11             1                       7
32                 22             0                       8
32                 24             1                       1
32                 31             1                       8
32                 39             3                       8
32                 43             0                       6
32                 58             2                       4
32                 59             0                       10
32                 88             4                       7
33                 1             3                       5
33                 2             2                       5
33                 6             0                       8
33                 9             1                       7
33                 22             3                       4
33                 28             2                       5
33                 47             2                       5
33                 51             3                       2
33                 54             3                       2
33                 56             1                       2
34                 7             0                       7
34                 11             0                       3
34                 13             0                       3
34                 17             1                       3
34                 22             4                       1
34                 28             1                       3
34                 32             0                       1
34                 60             0                       1
34                 96             2                       7
34                 97             1                       7
35                 3             3                       2
35                 8             1                       5
35                 10             4                       5
35                 20             2                       6
35                 30             2                       9
35                 31             3                       4
35                 45             1                       8
35                 54             0                       7
35                 60             3                       2
35                 68             2                       2
36                 13             3                       4
36                 14             2                       6
36                 18             4                       1
36                 21             0                       7
36                 25             1                       2
36                 29             1                       7
36                 37             4                       6
36                 49             0                       3
36                 75             2                       10
36                 79             2                       8
37                 12             4                       8
37                 35             2                       1
37                 40             3                       4
37                 53             1                       6
37                 55             1                       1
37                 56             0                       5
37                 62             3                       3
37                 70             2                       4
37                 74             0                       8
37                 78             0                       7
38                 1             1                       6
38                 10             3                       1
38                 27             2                       2
38                 35             1                       7
38                 55             0                       8
38                 59             2                       7
38                 80             2                       1
38                 82             2                       2
38                 83             1                       2
38                 98             4                       9
39                 2             1                       6
39                 7             0                       2
39                 20             1                       2
39                 32             1                       3
39                 46             0                       9
39                 62             0                       1
39                 77             3                       6
39                 82             2                       6
39                 83             2                       3
39                 91             4                       5
40                 20             2                       3
40                 22             1                       5
40                 29             4                       3
40                 37             3                       8
40                 39             4                       9
40                 41             4                       1
40                 42             4                       8
40                 45             1                       6
40                 62             4                       8
40                 73             2                       8
41                 3             2                       3
41                 8             3                       2
41                 9             1                       8
41                 25             4                       8
41                 30             1                       10
41                 51             0                       8
41                 53             3                       4
41                 67             1                       7
41                 71             2                       5
41                 74             3                       1
42                 2             0                       7
42                 22             4                       9
42                 30             0                       4
42                 37             1                       7
42                 51             0                       3
42                 57             4                       10
42                 62             4                       9
42                 66             1                       9
42                 71             1                       4
42                 77             2                       7
43                 9             3                       4
43                 11             4                       8
43                 33             3                       6
43                 67             1                       8
43                 69             4                       9
43                 71             3                       8
43                 78             1                       8
43                 80             2                       8
43                 81             2                       10
43                 93             1                       10
44                 15             4                       2
44                 30             0                       1
44                 35             0                       5
44                 37             4                       3
44                 51             1                       6
44                 55             2                       5
44                 59             3                       5
44                 65             4                       7
44                 67             3                       4
44                 78             4                       1
45                 6             0                       9
45                 18             3                       3
45                 23             3                       9
45                 40             3                       2
45                 53             1                       1
45                 59             2                       6
45                 61             3                       5
45                 86             3                       8
45                 89             4                       8
45                 99             4                       6
46                 6             0                       3
46                 7             2                       3
46                 11             4                       9
46                 19             0                       1
46                 26             1                       6
46                 28             3                       6
46                 31             2                       5
46                 37             2                       5
46                 51             4                       10
46                 54             2                       6
47                 3             2                       6
47                 4             4                       7
47                 23             4                       8
47                 81             3                       5
47                 85             0                       1
47                 90             0                       9
47                 97             1                       1
47                 98             3                       6
47                 99             4                       10
47                 100             4                       7
48                 16             2                       4
48                 35             3                       8
48                 36             2                       4
48                 42             2                       4
48                 57             2                       7
48                 58             3                       5
48                 60             1                       7
48                 63             3                       2
48                 64             4                       2
48                 67             0                       1
49                 28             3                       7
49                 39             4                       7
49                 48             0                       6
49                 63             4                       10
49                 65             0                       8
49                 72             0                       1
49                 79             4                       9
49                 80             3                       6
49                 92             4                       5
49                 93             2                       8
50                 10             4                       9
50                 15             2                       5
50                 16             0                       7
50                 17             2                       4
50                 40             2                       5
50                 43             3                       9
50                 53             2                       5
50                 61             0                       6
50                 66             4                       1
50                 68             1                       5
51                 8             3                       6
51                 17             3                       5
51                 21             3                       8
51                 34             2                       2
51                 45             4                       10
51                 55             4                       6
51                 71             4                       6
51                 75             3                       7
51                 78             1                       4
51                 83             4                       7
52                 1             0                       7
52                 21             2                       9
52                 28             3                       4
52                 33             1                       2
52                 46             4                       1
52                 50             4                       9
52                 54             3                       8
52                 67             4                       10
52                 71             3                       2
52                 87             4                       9
53                 1             3                       3
53                 14             4                       10
53                 30             2                       7
53                 38             0                       8
53                 55             3                       2
53                 92             1                       8
53                 94             4                       10
53                 96             3                       6
53                 97             0                       3
53                 100             0                       8
54                 1             1                       8
54                 9             2                       5
54                 23             2                       5
54                 26             3                       1
54                 33             4                       9
54                 41             4                       10
54                 43             1                       1
54                 65             4                       9
54                 75             2                       9
54                 79             2                       5
55                 60             2                       8
55                 75             1                       3
55                 85             0                       2
55                 90             4                       10
55                 95             1                       3
55                 96             0                       1
55                 97             4                       9
55                 98             1                       5
55                 99             2                       7
55                 100             3                       2
56                 1             3                       9
56                 5             3                       2
56                 10             0                       2
56                 27             3                       7
56                 46             2                       3
56                 50             4                       10
56                 67             1                       9
56                 70             4                       1
56                 94             1                       4
56                 100             1                       5
57                 1             3                       4
57                 3             1                       4
57                 9             2                       6
57                 10             1                       10
57                 62             2                       5
57                 64             3                       5
57                 70             0                       2
57                 75             0                       8
57                 81             4                       1
57                 90             4                       2
58                 4             1                       5
58                 24             4                       7
58                 32             4                       2
58                 45             1                       3
58                 77             3                       3
58                 87             0                       6
58                 90             2                       5
58                 94             3                       8
58                 96             2                       8
58                 100             2                       6
59                 15             1                       4
59                 24             3                       8
59                 25             1                       5
59                 42             4                       9
59                 47             0                       4
59                 78             1                       9
59                 81             3                       6
59                 83             3                       8
59                 86             0                       2
59                 97             1                       10
60                 2             4                       8
60                 8             2                       7
60                 43             0                       2
60                 48             1                       2
60                 64             1                       8
60                 68             4                       9
60                 90             2                       6
60                 98             4                       10
60                 99             3                       8
60                 100             3                       9
61                 5             2                       5
61                 27             1                       3
61                 32             3                       5
61                 34             3                       10
61                 36             1                       5
61                 38             2                       4
61                 39             0                       2
61                 51             0                       9
61                 53             3                       7
61                 55             0                       3
62                 16             3                       1
62                 20             4                       4
62                 29             2                       5
62                 48             4                       3
62                 49             2                       4
62                 53             4                       10
62                 75             1                       4
62                 80             4                       10
62                 84             3                       7
62                 91             2                       6
63                 21             4                       10
63                 33             4                       3
63                 36             3                       9
63                 40             3                       8
63                 42             4                       10
63                 45             3                       9
63                 54             2                       3
63                 73             4                       9
63                 74             4                       10
63                 75             0                       2
64                 5             2                       3
64                 23             0                       6
64                 27             4                       4
64                 38             1                       3
64                 43             1                       10
64                 49             3                       9
64                 57             3                       8
64                 59             3                       8
64                 84             2                       6
64                 87             2                       5
65                 5             2                       6
65                 22             1                       7
65                 38             4                       1
65                 43             0                       3
65                 48             3                       4
65                 59             2                       9
65                 73             4                       2
65                 74             3                       9
65                 77             4                       9
65                 78             4                       5
66                 8             1                       8
66                 23             2                       7
66                 36             2                       6
66                 41             1                       2
66                 47             4                       9
66                 49             1                       2
66                 54             4                       9
66                 61             3                       1
66                 76             1                       3
66                 78             0                       2
67                 17             2                       6
67                 27             4                       9
67                 32             3                       7
67                 36             4                       10
67                 44             4                       5
67                 51             0                       4
67                 55             1                       4
67                 66             1                       4
67                 68             1                       3
67                 71             0                       3
68                 10             0                       3
68                 18             4                       4
68                 19             4                       8
68                 34             1                       4
68                 39             1                       4
68                 57             1                       1
68                 78             4                       10
68                 90             4                       3
68                 91             4                       10
68                 94             1                       5
69                 4             1                       2
69                 18             4                       10
69                 31             0                       2
69                 35             1                       4
69                 44             4                       10
69                 49             4                       10
69                 61             1                       2
69                 79             2                       1
69                 85             2                       4
69                 89             1                       1
70                 33             3                       10
70                 43             1                       7
70                 76             4                       10
70                 77             4                       10
70                 83             4                       1
70                 86             4                       4
70                 88             1                       3
70                 89             4                       9
70                 95             3                       8
70                 97             2                       5
71                 2             4                       9
71                 12             4                       9
71                 14             1                       2
71                 16             2                       2
71                 29             2                       6
71                 31             1                       6
71                 61             0                       3
71                 62             3                       10
71                 82             3                       7
71                 84             2                       10
72                 8             3                       4
72                 10             0                       8
72                 16             1                       6
72                 23             0                       3
72                 56             3                       7
72                 65             0                       2
72                 66             3                       5
72                 74             3                       4
72                 86             1                       5
72                 93             1                       5
73                 13             1                       9
73                 15             2                       6
73                 20             4                       8
73                 35             4                       10
73                 46             0                       2
73                 59             4                       1
73                 60             0                       3
73                 78             3                       6
73                 80             0                       2
73                 82             3                       5
74                 35             0                       2
74                 43             3                       4
74                 49             2                       5
74                 50             0                       7
74                 79             3                       6
74                 83             1                       4
74                 87             0                       10
74                 92             4                       10
74                 96             0                       2
74                 98             3                       7
75                 7             0                       8
75                 20             4                       9
75                 37             0                       1
75                 47             4                       3
75                 50             2                       5
75                 62             0                       2
75                 65             4                       3
75                 72             2                       6
75                 82             1                       3
75                 84             3                       8
76                 4             0                       3
76                 11             1                       6
76                 15             0                       10
76                 16             4                       8
76                 19             2                       5
76                 24             2                       2
76                 29             3                       4
76                 61             1                       7
76                 68             2                       6
76                 71             0                       9
77                 4             4                       10
77                 17             1                       7
77                 19             3                       2
77                 24             3                       3
77                 28             3                       8
77                 59             0                       2
77                 61             1                       8
77                 62             4                       6
77                 63             1                       7
77                 64             4                       6
78                 7             3                       9
78                 14             3                       7
78                 21             1                       2
78                 37             1                       4
78                 58             4                       9
78                 81             1                       3
78                 85             3                       5
78                 89             2                       4
78                 91             0                       1
78                 96             4                       9
79                 23             4                       10
79                 32             2                       9
79                 46             4                       4
79                 50             3                       2
79                 79             4                       10
79                 82             4                       9
79                 86             0                       3
79                 88             0                       2
79                 91             3                       2
79                 96             4                       10
80                 12             4                       10
80                 18             1                       6
80                 21             3                       4
80                 41             1                       3
80                 54             1                       4
80                 55             2                       7
80                 59             0                       3
80                 67             3                       5
80                 70             3                       8
80                 76             3                       1
81                 2             4                       10
81                 3             1                       7
81                 5             0                       9
81                 7             1                       4
81                 9             4                       10
81                 14             3                       3
81                 17             0                       2
81                 26             0                       9
81                 28             3                       9
81                 38             3                       6
82                 6             2                       5
82                 29             0                       1
82                 30             0                       2
82                 32             4                       10
82                 40             0                       3
82                 42             0                       3
82                 48             0                       10
82                 49             2                       1
82                 56             0                       6
82                 76             2                       7
83                 1             0                       2
83                 30             4                       5
83                 34             2                       6
83                 53             3                       8
83                 56             4                       9
83                 79             1                       3
83                 81             4                       2
83                 93             4                       2
83                 95             1                       4
83                 97             3                       8
84                 2             2                       4
84                 22             0                       2
84                 29             3                       8
84                 34             0                       3
84                 37             1                       9
84                 38             4                       9
84                 46             3                       10
84                 50             0                       3
84                 57             3                       9
84                 63             4                       3
85                 3             3                       5
85                 6             2                       6
85                 10             2                       4
85                 13             3                       10
85                 25             2                       6
85                 74             1                       5
85                 91             2                       7
85                 93             1                       6
85                 95             2                       1
85                 97             4                       4
86                 17             1                       8
86                 21             2                       5
86                 25             4                       9
86                 27             4                       10
86                 38             1                       10
86                 39             0                       10
86                 40             2                       6
86                 41             2                       7
86                 47             4                       10
86                 66             0                       2
87                 8             4                       9
87                 13             1                       5
87                 16             4                       9
87                 25             3                       10
87                 26             3                       10
87                 33             3                       7
87                 56             3                       8
87                 76             4                       2
87                 83             1                       5
87                 84             0                       3
88                 7             1                       6
88                 9             1                       9
88                 17             4                       10
88                 24             4                       10
88                 52             3                       3
88                 66             1                       6
88                 69             2                       3
88                 92             0                       6
88                 97             2                       6
88                 100             1                       4
89                 22             4                       10
89                 36             2                       2
89                 40             0                       9
89                 42             4                       6
89                 48             3                       8
89                 55             4                       10
89                 61             0                       4
89                 65             3                       4
89                 70             4                       9
89                 81             3                       7
90                 3             3                       10
90                 14             2                       4
90                 16             4                       10
90                 31             0                       3
90                 45             0                       1
90                 52             4                       4
90                 53             1                       9
90                 56             1                       3
90                 63             3                       8
90                 65             4                       10
91                 11             0                       10
91                 26             0                       2
91                 27             2                       5
91                 28             0                       10
91                 34             4                       7
91                 37             4                       10
91                 57             1                       4
91                 64             1                       3
91                 68             1                       10
91                 70             4                       10
92                 13             2                       6
92                 26             2                       7
92                 39             0                       3
92                 46             2                       5
92                 51             3                       5
92                 56             4                       10
92                 80             0                       3
92                 85             4                       7
92                 87             2                       7
92                 88             3                       8
93                 9             0                       1
93                 13             3                       7
93                 16             0                       3
93                 19             2                       9
93                 44             2                       4
93                 52             1                       8
93                 63             2                       5
93                 66             1                       7
93                 72             4                       10
93                 73             4                       3
94                 7             3                       10
94                 18             0                       2
94                 30             1                       3
94                 34             3                       8
94                 52             4                       9
94                 54             0                       10
94                 64             4                       9
94                 68             3                       7
94                 73             4                       10
94                 76             3                       8
95                 1             3                       10
95                 18             3                       7
95                 49             3                       6
95                 50             4                       4
95                 61             4                       10
95                 85             2                       10
95                 88             1                       4
95                 91             2                       3
95                 92             1                       7
95                 95             1                       10
96                 8             4                       10
96                 12             3                       1
96                 41             2                       6
96                 44             1                       6
96                 63             2                       6
96                 75             1                       5
96                 82             4                       10
96                 89             2                       7
96                 92             0                       2
96                 93             1                       7
97                 19             3                       10
97                 25             0                       3
97                 26             0                       3
97                 31             1                       7
97                 40             0                       10
97                 61             0                       9
97                 64             4                       10
97                 69             4                       10
97                 72             1                       7
97                 74             0                       2
98                 5             3                       8
98                 6             4                       10
98                 20             1                       10
98                 24             1                       4
98                 30             3                       8
98                 45             2                       4
98                 58             0                       10
98                 60             0                       4
98                 67             1                       6
98                 89             4                       10
99                 5             4                       10
99                 13             0                       2
99                 19             1                       3
99                 46             3                       7
99                 47             2                       6
99                 48             0                       5
99                 52             4                       10
99                 67             0                       2
99                 69             1                       4
99                 73             1                       4
100                 4             1                       6
100                 8             1                       3
100                 10             2                       7
100                 12             0                       2
100                 15             2                       7
100                 18             2                       5
100                 36             2                       7
100                 48             3                       9
100                 58             3                       6
100                 73             2                       5