13
1                 3             2                       1
1                 16             4                       1
1                 20             4                       6
1                 26             4                       4
1                 38             4                       8
1                 42             0                       8
1                 46             0                       1
1                 50             2                       7
1                 52             0                       8
1                 72             3                       2
2                 31             4                       1
2                 64             1                       1
2                 68             3                       1
2                 73             0                       5
2                 76             1                       1
2                 85             1                       4
2                 92             4                       1
2                 98             2                       1
2                 99             0                       8
2                 100             0                       7
3                 2             2                       3
3                 10             4                       8
3                 20             0                       1
3                 37             0                       8
3                 55             3                       2
3                 56             2                       3
3                 66             2                       1
3                 67             4                       7
3                 68             3                       10
3                 71             0                       8
4                 3             3                       10
4                 5             3                       3
4                 6             4                       6
4                 18             1                       5
4                 23             0                       5
4                 29             2                       9
4                 30             4                       3
4                 31             0                       7
4                 35             1                       8
4                 37             1                       5
5                 6             1                       5
5                 10             0                       9
5                 19             3                       1
5                 28             1                       9
5                 48             0                       5
5                 50             0                       8
5                 57             4                       1
5                 69             0                       8
5                 77             1                       9
5                 80             3                       10
6                 13             3                       5
6                 17             1                       7
6                 28             3                       1
6                 51             4                       2
6                 64             4                       5
6                 70             2                       1
6                 87             1                       9
6                 95             3                       1
6                 96             3                       2
6                 98             1                       5
7                 1             2                       7
7                 3             3                       2
7                 15             2                       1
7                 39             0                       4
7                 40             2                       10
7                 43             0                       6
7                 45             1                       9
7                 61             2                       1
7                 68             1                       7
7                 78             0                       10
8                 6             3                       9
8                 37             4                       2
8                 46             4                       2
8                 47             2                       2
8                 63             1                       1
8                 72             3                       10
8                 73             4                       1
8                 74             1                       1
8                 79             1                       2
8                 91             3                       3
9                 16             4                       3
9                 17             2                       4
9                 21             0                       8
9                 24             4                       3
9                 30             1                       9
9                 33             4                       1
9                 40             2                       1
9                 44             1                       1
9                 66             1                       7
9                 78             3                       3
10                 34             1                       1
10                 42             3                       1
10                 43             4                       4
10                 55             3                       1
10                 58             4                       5
10                 68             0                       8
10                 78             0                       5
10                 86             0                       6
10                 87             1                       5
10                 88             0                       9
11                 7             4                       6
11                 23             1                       7
11                 24             1                       1
11                 31             4                       2
11                 37             1                       9
11                 38             2                       1
11                 42             4                       6
11                 51             4                       1
11                 61             1                       8
11                 72             4                       7
12                 6             0                       7
12                 22             2                       1
12                 29             1                       4
12                 32             1                       6
12                 39             4                       1
12                 87             2                       2
12                 89             4                       9
12                 95             4                       3
12                 97             3                       10
12                 100             2                       2
13                 3             4                       6
13                 9             0                       3
13                 27             4                       7
13                 32             3                       3
13                 42             1                       9
13                 49             4                       4
13                 53             2                       9
13                 56             1                       6
13                 57             0                       9
13                 59             4                       5
14                 20             3                       2
14                 31             1                       5
14                 44             3                       2
14                 45             2                       10
14                 62             0                       9
14                 67             4                       1
14                 73             4                       6
14                 85             4                       1
14                 87             1                       6
14                 89             1                       10
15                 1             0                       8
15                 9             4                       1
15                 15             3                       2
15                 19             3                       8
15                 32             0                       7
15                 36             1                       4
15                 38             0                       7
15                 75             4                       4
15                 83             2                       2
15                 88             4                       1
16                 4             0                       8
16                 18             1                       7
16                 45             2                       8
16                 51             0                       7
16                 55             1                       5
16                 69             2                       3
16                 75             3                       8
16                 77             1                       7
16                 89             0                       1
16                 97             2                       2
17                 16             3                       4
17                 23             1                       9
17                 31             3                       6
17                 51             4                       5
17                 57             3                       5
17                 72             2                       1
17                 75             1                       9
17                 81             4                       3
17                 84             1                       5
17                 85             1                       7
18                 36             1                       8
18                 43             2                       1
18                 61             2                       3
18                 62             1                       10
18                 66             3                       2
18                 67             1                       8
18                 78             3                       6
18                 84             2                       1
18                 86             3                       1
18                 90             2                       1
19                 3             2                       3
19                 5             0                       5
19                 11             4                       4
19                 24             4                       7
19                 26             0                       2
19                 27             0                       3
19                 30             0                       4
19                 35             2                       10
19                 42             1                       3
19                 51             1                       8
20                 4             0                       9
20                 7             2                       1
20                 12             3                       3
20                 19             3                       3
20                 25             2                       8
20                 29             0                       7
20                 33             0                       7
20                 43             0                       2
20                 49             3                       1
20                 56             4                       7
21                 3             2                       4
21                 9             2                       7
21                 44             3                       9
21                 76             0                       9
21                 81             0                       6
21                 83             4                       8
21                 88             0                       10
21                 93             3                       9
21                 94             1                       5
21                 95             1                       4
22                 2             3                       9
22                 8             3                       1
22                 33             1                       8
22                 46             3                       3
22                 48             1                       1
22                 53             2                       10
22                 58             3                       9
22                 65             4                       1
22                 71             4                       6
22                 76             2                       2
23                 12             3                       4
23                 35             2                       1
23                 52             4                       1
23                 60             2                       5
23                 61             1                       5
23                 75             4                       6
23                 87             4                       3
23                 94             0                       9
23                 96             3                       3
23                 98             2                       2
24                 1             2                       1
24                 2             4                       7
24                 9             1                       2
24                 17             1                       10
24                 38             1                       3
24                 50             3                       4
24                 56             3                       8
24                 58             0                       1
24                 66             4                       8
24                 71             1                       9
25                 5             2                       6
25                 9             4                       9
25                 15             1                       3
25                 38             3                       10
25                 40             0                       2
25                 59             3                       9
25                 63             1                       2
25                 70             0                       6
25                 83             3                       9
25                 90             3                       4
26                 1             4                       9
26                 25             3                       5
26                 31             4                       8
26                 39             0                       9
26                 47             1                       4
26                 51             3                       6
26                 59             4                       8
26                 73             4                       7
26                 79             4                       3
26                 90             2                       5
27                 6             0                       1
27                 8             0                       6
27                 9             2                       4
27                 11             4                       1
27                 15             0                       6
27                 16             0                       8
27                 18             4                       2
27                 44             3                       5
27                 50             0                       3
27                 69             2                       5
28                 21             1                       1
28                 25             2                       3
28                 48             0                       7
28                 72             2                       4
28                 78             1                       7
28                 82             4                       3
28                 89             0                       2
28                 93             2                       1
28                 99             0                       4
28                 100             4                       9
29                 1             2                       4
29                 19             3                       9
29                 23             3                       3
29                 41             0                       5
29                 52             0                       10
29                 54             2                       9
29                 63             0                       3
29                 64             4                       8
29                 70             4                       9
29                 81             4                       1
30                 11             2                       7
30                 22             0                       6
30                 47             1                       8
30                 61             0                       6
30                 74             4                       6
30                 77             3                       3
30                 79             3                       9
30                 90             0                       6
30                 91             3                       10
30                 93             0                       4
31                 7             0                       3
31                 8             3                       2
31                 10             2                       3
31                 18             3                       8
31                 19             4                       4
31                 22             4                       9
31                 40             1                       3
31                 47             2                       5
31                 61             0                       2
31                 83             1                       3
32                 17             0                       1
32                 26             3                       7
32                 28             4                       6
32                 31             0                       9
32                 34             0                       7
32                 37             4                       10
32                 41             4                       1
32                 70             1                       2
32                 91             2                       6
32                 92             1                       6
33                 17             2                       2
33                 24             1                       8
33                 25             2                       9
33                 29             0                       1
33                 30             1                       1
33                 49             0                       5
33                 52             2                       2
33                 66             0                       5
33                 80             4                       8
33                 85             2                       5
34                 1             1                       3
34                 10             0                       4
34                 14             2                       6
34                 53             0                       1
34                 79             3                       10
34                 86             2                       9
34                 88             0                       7
34                 89             0                       3
34                 97             3                       5
34                 99             2                       1
35                 3             0                       7
35                 46             0                       4
35                 57             2                       7
35                 60             0                       8
35                 68             2                       4
35                 76             2                       7
35                 86             2                       7
35                 88             2                       2
35                 94             2                       6
35                 95             3                       2
36                 4             3                       4
36                 15             3                       8
36                 17             3                       5
36                 27             1                       8
36                 28             1                       2
36                 40             0                       4
36                 43             1                       3
36                 52             1                       6
36                 57             2                       8
36                 62             3                       1
37                 2             4                       4
37                 10             2                       5
37                 23             0                       1
37                 26             4                       5
37                 29             4                       5
37                 32             0                       8
37                 36             2                       1
37                 40             0                       7
37                 50             2                       5
37                 54             2                       7
38                 5             3                       7
38                 15             0                       7
38                 30             3                       8
38                 34             3                       2
38                 54             2                       10
38                 56             4                       1
38                 64             4                       2
38                 70             0                       3
38                 72             3                       8
38                 85             3                       2
39                 47             4                       6
39                 52             0                       3
39                 58             3                       10
39                 75             3                       1
39                 80             0                       6
39                 85             3                       8
39                 97             1                       3
39                 98             0                       6
39                 99             2                       2
39                 100             1                       10
40                 4             3                       5
40                 14             2                       7
40                 18             1                       3
40                 27             2                       4
40                 28             2                       10
40                 30             4                       5
40                 36             3                       2
40                 50             1                       1
40                 57             3                       6
40                 63             2                       4
41                 12             3                       8
41                 28             3                       7
41                 34             4                       6
41                 35             3                       3
41                 64             0                       6
41                 71             4                       4
41                 74             1                       8
41                 84             1                       2
41                 90             0                       7
41                 92             1                       7
42                 13             0                       8
42                 60             0                       9
42                 66             4                       9
42                 69             0                       6
42                 90             1                       3
42                 92             1                       2
42                 94             3                       7
42                 96             2                       5
42                 98             0                       7
42                 99             3                       3
43                 5             3                       8
43                 8             3                       7
43                 11             4                       8
43                 13             4                       1
43                 32             3                       1
43                 48             3                       2
43                 64             0                       9
43                 81             2                       7
43                 91             1                       7
43                 92             4                       3
44                 4             3                       6
44                 13             2                       7
44                 15             0                       4
44                 21             0                       4
44                 31             1                       3
44                 33             1                       3
44                 48             0                       9
44                 49             4                       3
44                 84             1                       10
44                 86             3                       8
45                 2             3                       8
45                 16             2                       5
45                 18             4                       6
45                 45             4                       6
45                 62             2                       2
45                 63             0                       5
45                 82             4                       4
45                 83             1                       5
45                 84             4                       3
45                 86             0                       2
46                 10             2                       1
46                 16             3                       9
46                 24             2                       6
46                 30             2                       6
46                 36             3                       9
46                 38             1                       4
46                 58             3                       2
46                 62             4                       4
46                 63             4                       10
46                 76             1                       10
47                 24             0                       2
47                 35             0                       4
47                 40             0                       5
47                 48             2                       6
47                 75             0                       7
47                 78             4                       1
47                 80             0                       1
47                 93             0                       6
47                 95             3                       5
47                 96             4                       9
48                 2             1                       5
48                 22             0                       10
48                 25             3                       6
48                 26             1                       1
48                 41             4                       3
48                 56             3                       2
48                 70             0                       8
48                 77             0                       4
48                 80             3                       2
48                 90             2                       8
49                 7             3                       8
49                 11             2                       9
49                 13             0                       6
49                 17             0                       3
49                 19             2                       2
49                 28             1                       8
49                 31             3                       4
49                 37             4                       1
49                 43             4                       9
49                 51             1                       3
50                 20             0                       8
50                 24             4                       4
50                 27             0                       1
50                 29             3                       2
50                 35             2                       5
50                 38             1                       5
50                 44             3                       6
50                 52             0                       7
50                 76             0                       3
50                 77             4                       10
51                 2             1                       10
51                 27             4                       9
51                 34             4                       9
51                 43             3                       8
51                 61             3                       9
51                 73             4                       8
51                 77             2                       5
51                 81             3                       8
51                 83             2                       4
51                 95             3                       6
52                 20             0                       3
52                 40             3                       8
52                 55             2                       6
52                 58             0                       3
52                 59             1                       10
52                 64             0                       3
52                 82             1                       5
52                 87             3                       8
52                 89             0                       4
52                 90             2                       2
53                 21             3                       7
53                 44             0                       7
53                 63             2                       7
53                 88             3                       8
53                 89             0                       5
53                 91             4                       8
53                 94             3                       8
53                 96             1                       6
53                 97             0                       1
53                 98             4                       9
54                 6             3                       8
54                 20             0                       4
54                 33             4                       9
54                 41             1                       8
54                 51             4                       9
54                 59             0                       7
54                 64             2                       7
54                 88             0                       3
54                 89             0                       6
54                 93             0                       2
55                 12             1                       5
55                 27             1                       5
55                 38             1                       9
55                 42             1                       4
55                 55             2                       3
55                 60             0                       1
55                 90             4                       9
55                 94             4                       10
55                 96             3                       4
55                 97             3                       7
56                 18             4                       9
56                 19             4                       5
56                 32             2                       5
56                 55             4                       4
56                 59             0                       1
56                 62             0                       3
56                 66             0                       3
56                 76             0                       4
56                 82             2                       6
56                 85             2                       3
57                 7             4                       7
57                 10             3                       10
57                 24             4                       9
57                 33             0                       10
57                 64             1                       10
57                 66             4                       4
57                 73             4                       2
57                 80             0                       3
57                 83             0                       1
57                 91             0                       1
58                 4             4                       7
58                 9             3                       8
58                 20             1                       10
58                 41             0                       9
58                 47             2                       9
58                 60             4                       2
58                 71             2                       7
58                 84             2                       4
58                 92             2                       4
58                 93             3                       7
59                 12             1                       6
59                 20             3                       5
59                 24             1                       10
59                 28             1                       3
59                 49             1                       8
59                 89             0                       7
59                 91             3                       5
59                 94             3                       2
59                 96             1                       7
59                 97             1                       4
60                 13             2                       2
60                 14             4                       2
60                 15             0                       9
60                 32             3                       9
60                 35             3                       9
60                 37             2                       4
60                 39             2                       5
60                 53             0                       5
60                 65             3                       6
60                 67             3                       9
61                 7             3                       9
61                 8             0                       8
61                 19             1                       6
61                 29             3                       8
61                 35             0                       2
61                 77             0                       1
61                 84             3                       7
61                 96             4                       10
61                 97             2                       8
61                 100             2                       4
62                 3             0                       5
62                 5             3                       4
62                 8             1                       4
62                 12             0                       1
62                 16             3                       2
62                 28             4                       4
62                 34             1                       4
62                 39             3                       6
62                 57             1                       4
62                 62             2                       5
63                 14             3                       3
63                 53             1                       2
63                 67             0                       10
63                 71             1                       5
63                 73             0                       9
63                 74             4                       9
63                 77             2                       8
63                 79             4                       4
63                 91             3                       9
63                 93             4                       8
64                 5             2                       9
64                 35             2                       6
64                 42             2                       7
64                 45             1                       2
64                 47             2                       7
64                 51             2                       10
64                 69             3                       9
64                 74             0                       2
64                 83             4                       10
64                 84             1                       6
65                 25             1                       7
65                 36             3                       10
65                 37             3                       6
65                 42             3                       5
65                 49             3                       6
65                 57             4                       10
65                 62             2                       6
65                 78             3                       8
65                 88             4                       4
65                 92             1                       5
66                 14             2                       9
66                 18             3                       4
66                 26             1                       3
66                 37             3                       3
66                 41             3                       6
66                 47             4                       10
66                 64             0                       4
66                 67             0                       2
66                 68             0                       2
66                 69             1                       4
67                 1             0                       5
67                 3             3                       8
67                 4             4                       1
67                 11             4                       5
67                 42             0                       2
67                 48             4                       3
67                 63             0                       6
67                 65             1                       4
67                 76             0                       5
67                 79             3                       5
68                 7             2                       4
68                 10             4                       2
68                 11             1                       2
68                 25             0                       1
68                 38             3                       6
68                 42             2                       10
68                 49             4                       9
68                 74             3                       7
68                 75             0                       2
68                 81             4                       9
69                 9             3                       5
69                 21             1                       2
69                 33             1                       4
69                 44             4                       8
69                 52             3                       4
69                 65             4                       7
69                 78             3                       9
69                 81             4                       2
69                 85             1                       10
69                 93             2                       5
70                 14             3                       4
70                 21             0                       5
70                 50             4                       9
70                 58             4                       6
70                 65             4                       5
70                 74             0                       3
70                 81             3                       4
70                 85             2                       6
70                 86             0                       10
70                 88             1                       5
71                 1             3                       6
71                 54             3                       4
71                 71             0                       1
71                 76             0                       8
71                 87             2                       7
71                 96             3                       8
71                 97             1                       6
71                 98             4                       10
71                 99             4                       10
71                 100             1                       5
72                 11             3                       6
72                 12             4                       7
72                 15             4                       10
72                 26             2                       8
72                 29             4                       10
72                 43             0                       5
72                 65             4                       8
72                 70             0                       4
72                 71             2                       10
72                 74             0                       4
73                 9             2                       6
73                 13             1                       4
73                 24             0                       5
73                 35             4                       7
73                 36             2                       5
73                 66             4                       10
73                 70             1                       7
73                 72             0                       5
73                 73             2                       10
73                 80             2                       4
74                 1             4                       10
74                 14             2                       5
74                 25             1                       4
74                 45             4                       3
74                 49             3                       7
74                 58             3                       7
74                 78             3                       2
74                 79             2                       1
74                 80             0                       9
74                 89             0                       8
75                 7             0                       2
75                 10             2                       6
75                 12             4                       9
75                 43             1                       10
75                 56             3                       4
75                 60             2                       6
75                 67             4                       6
75                 69             3                       1
75                 70             3                       10
75                 75             2                       5
76                 2             0                       1
76                 3             3                       9
76                 6             3                       2
76                 12             0                       2
76                 20             2                       7
76                 22             3                       7
76                 23             4                       4
76                 36             1                       6
76                 39             0                       2
76                 41             2                       4
77                 11             1                       3
77                 17             0                       8
77                 40             1                       6
77                 47             0                       1
77                 49             2                       10
77                 53             2                       6
77                 72             2                       6
77                 73             4                       3
77                 79             3                       6
77                 82             2                       8
78                 4             4                       2
78                 6             2                       3
78                 12             4                       10
78                 16             3                       6
78                 21             2                       6
78                 33             3                       2
78                 46             2                       5
78                 77             1                       6
78                 81             3                       5
78                 82             2                       1
79                 5             3                       10
79                 8             3                       3
79                 17             1                       6
79                 25             4                       10
79                 39             1                       3
79                 44             0                       4
79                 45             0                       1
79                 46             0                       9
79                 54             1                       2
79                 67             1                       4
80                 2             1                       6
80                 39             4                       10
80                 52             3                       9
80                 60             4                       10
80                 80             2                       7
80                 91             0                       2
80                 94             4                       1
80                 95             3                       7
80                 99             2                       5
80                 100             4                       3
81                 23             2                       6
81                 32             4                       10
81                 34             0                       5
81                 43             2                       7
81                 45             1                       4
81                 46             0                       10
81                 61             2                       7
81                 85             3                       9
81                 87             4                       10
81                 93             3                       3
82                 6             1                       4
82                 17             2                       9
82                 18             4                       10
82                 22             3                       8
82                 29             2                       3
82                 54             4                       5
82                 55             3                       7
82                 56             4                       9
82                 63             0                       8
82                 76             0                       6
83                 16             3                       7
83                 21             4                       3
83                 26             4                       9
83                 53             4                       7
83                 69             2                       2
83                 80             0                       5
83                 97             4                       9
83                 98             1                       3
83                 99             2                       6
83                 100             3                       8
84                 9             0                       10
84                 34             2                       10
84                 46             0                       6
84                 48             4                       10
84                 55             4                       8
84                 62             2                       7
84                 65             1                       2
84                 81             4                       10
84                 92             4                       8
84                 95             3                       10
85                 50             2                       6
85                 55             4                       9
85                 59             0                       2
85                 91             1                       4
85                 92             4                       9
85                 93             4                       10
85                 94             2                       3
85                 98             2                       4
85                 99             3                       9
85                 100             2                       6
86                 14             3                       8
86                 21             4                       9
86                 30             1                       10
86                 34             0                       3
86                 50             4                       10
86                 59             2                       3
86                 65             3                       3
86                 94             3                       4
86                 95             3                       8
86                 96             0                       1
87                 4             3                       10
87                 22             0                       5
87                 33             3                       5
87                 39             2                       7
87                 45             1                       5
87                 54             0                       1
87                 57             0                       2
87                 62             0                       8
87                 74             3                       10
87                 86             2                       3
88                 7             4                       10
88                 10             2                       7
88                 22             4                       2
88                 23             3                       8
88                 27             1                       6
88                 30             2                       7
88                 34             3                       8
88                 41             3                       2
88                 57             0                       3
88                 60             4                       3
89                 8             2                       5
89                 13             4                       9
89                 14             0                       1
89                 16             4                       10
89                 27             2                       10
89                 40             2                       9
89                 41             3                       7
89                 44             0                       3
89                 58             0                       8
89                 67             4                       5
90                 1             4                       2
90                 5             3                       1
90                 11             1                       10
90                 18             0                       1
90                 21             4                       10
90                 28             1                       5
90                 46             0                       8
90                 48             0                       4
90                 53             0                       3
90                 68             0                       3
91                 8             3                       9
91                 31             4                       10
91                 36             2                       7
91                 37             3                       7
91                 45             3                       7
91                 58             0                       4
91                 72             1                       9
91                 83             1                       6
91                 84             3                       8
91                 87             0                       1
92                 2             0                       2
92                 5             0                       2
92                 19             3                       7
92                 23             2                       2
92                 41             4                       10
92                 56             4                       10
92                 65             1                       9
92                 69             1                       7
92                 73             3                       4
92                 82             4                       9
93                 14             4                       10
93                 25             0                       2
93                 48             3                       8
93                 53             4                       8
93                 54             3                       8
93                 67             0                       3
93                 69             4                       10
93                 75             0                       3
93                 79             3                       7
93                 82             1                       2
94                 19             4                       10
94                 44             4                       10
94                 46             0                       7
94                 50             4                       2
94                 52             0                       5
94                 55             2                       10
94                 61             4                       10
94                 68             4                       9
94                 75             4                       10
94                 77             1                       2
95                 13             4                       10
95                 20             0                       9
95                 49             0                       2
95                 59             0                       4
95                 65             4                       10
95                 70             0                       5
95                 71             3                       2
95                 83             2                       7
95                 86             1                       5
95                 87             2                       4
96                 6             4                       10
96                 29             2                       6
96                 32             3                       2
96                 39             3                       8
96                 54             4                       6
96                 60             1                       7
96                 61             3                       4
96                 68             1                       5
96                 74             4                       5
96                 90             4                       10
97                 22             3                       3
97                 63             3                       9
97                 66             0                       6
97                 78             2                       4
97                 82             3                       7
97                 92             0                       10
97                 95             0                       9
97                 98             2                       8
97                 99             0                       7
97                 100             3                       1
98                 13             0                       3
98                 23             4                       10
98                 26             3                       6
98                 27             1                       2
98                 56             4                       5
98                 60             0                       4
98                 68             1                       6
98                 72             1                       3
98                 79             3                       8
98                 82             2                       10
99                 4             1                       3
99                 7             2                       5
99                 8             0                       10
99                 15             0                       5
99                 30             0                       2
99                 32             1                       4
99                 33             2                       6
99                 36             2                       3
99                 47             4                       3
99                 54             1                       3
100                 22             1                       4
100                 26             4                       10
100                 38             0                       2
100                 51             1                       4
100                 53             0                       4
100                 59             1                       6
100                 71             0                       3
100                 84             3                       9
100                 86             0                       4
100                 88             1                       6