近似连通控制集: {0, 1, 2, 3, 4, 5, 6, 7, 9, 10, 12, 13, 14, 18, 20, 21, 22, 24, 25, 26, 27, 32, 35, 36, 38, 39, 40, 41, 44, 46, 47, 48, 49, 51, 52, 53, 56, 57, 59, 64, 65, 66, 68, 69, 70, 77, 82, 84, 88, 90, 92, 97, 98, 99} 193762
函数值是否为1: 1
最X个星状结构: 1 {9}
最X个星状结构: 2 {59}
最X个星状结构: 3 {21}
最X个星状结构: 4 {48}
最X个星状结构: 5 {32}
最X个星状结构: 6 {26}
最X个星状结构: 7 {44}
最X个星状结构: 8 {7}
最X个星状结构: 9 {13}
最X个星状结构: 10 {18}
之前提出的算法计算的连通控制集: {0, 1, 2, 3, 4, 5, 6, 7, 9, 10, 12, 13, 14, 17, 18, 20, 21, 22, 23, 24, 26, 27, 30, 32, 36, 38, 41, 44, 45, 46, 47, 48, 49, 50, 52, 54, 55, 57, 59, 61, 65, 66, 68, 69, 70, 71, 72, 77, 79, 82, 84, 87} 227993
函数值是否为1: 1
最大度: 12
最小度: 2
近似算法近似比为: 0.8498594255086779
近似连通控制集: {0, 1, 2, 3, 4, 5, 6, 7, 8, 11, 13, 16, 17, 23, 24, 25, 28, 31, 33, 35, 36, 38, 39, 40, 43, 44, 45, 46, 47, 48, 49, 50, 51, 53, 54, 55, 56, 60, 62, 63, 64, 67, 68, 69, 70, 73, 76, 79, 80, 84, 85, 86, 87, 88, 90, 93, 94, 96, 98} 239415
函数值是否为1: 1
最X个星状结构: 1 {2}
最X个星状结构: 2 {85}
最X个星状结构: 3 {50}
最X个星状结构: 4 {51}
最X个星状结构: 5 {38}
最X个星状结构: 6 {48}
最X个星状结构: 7 {93}
最X个星状结构: 8 {31}
之前提出的算法计算的连通控制集: {0, 1, 2, 4, 5, 6, 7, 8, 10, 11, 12, 13, 16, 17, 20, 25, 27, 28, 29, 31, 34, 36, 37, 38, 39, 43, 44, 47, 48, 49, 50, 51, 54, 55, 56, 57, 62, 63, 64, 65, 67, 71, 72, 76, 80, 83, 85, 86, 92, 93, 98} 265804
函数值是否为1: 1
最大度: 8
最小度: 2
近似算法近似比为: 0.9007200794570436
近似连通控制集: {2, 3, 4, 5, 10, 11, 12, 14, 16, 19, 20, 21, 22, 23, 26, 27, 28, 29, 31, 32, 33, 34, 35, 36, 37, 38, 39, 42, 45, 46, 47, 50, 51, 52, 54, 55, 56, 59, 60, 62, 63, 69, 72, 73, 75, 80, 82, 83, 85, 86, 87, 89, 91, 95, 97, 98} 136645
函数值是否为1: 1
最X个星状结构: 1 {55}
最X个星状结构: 2 {63}
最X个星状结构: 3 {27}
最X个星状结构: 4 {80}
最X个星状结构: 5 {91}
最X个星状结构: 6 {60}
最X个星状结构: 7 {34}
最X个星状结构: 8 {52}
最X个星状结构: 9 {39}
最X个星状结构: 10 {23}
之前提出的算法计算的连通控制集: {1, 3, 4, 8, 12, 13, 14, 16, 17, 19, 20, 21, 23, 25, 26, 27, 29, 30, 31, 34, 35, 36, 39, 40, 41, 42, 46, 47, 48, 49, 51, 52, 53, 54, 55, 56, 60, 63, 65, 67, 69, 71, 73, 75, 76, 78, 80, 82, 83, 86, 87, 91, 98} 194497
函数值是否为1: 1
最大度: 8
最小度: 2
近似算法近似比为: 0.7025558234831386
近似连通控制集: {0, 2, 4, 5, 6, 9, 12, 14, 20, 21, 22, 24, 25, 26, 27, 29, 30, 34, 35, 36, 38, 39, 41, 45, 46, 48, 49, 50, 51, 53, 55, 56, 61, 62, 63, 65, 66, 67, 68, 70, 73, 75, 76, 77, 79, 80, 82, 83, 87, 89, 90, 91, 92, 93, 94, 95, 96, 99} 190495
函数值是否为1: 1
最X个星状结构: 1 {41}
最X个星状结构: 2 {94}
最X个星状结构: 3 {38}
最X个星状结构: 4 {75}
最X个星状结构: 5 {77}
最X个星状结构: 6 {73}
最X个星状结构: 7 {30}
最X个星状结构: 8 {35}
最X个星状结构: 9 {0}
最X个星状结构: 10 {68}
最X个星状结构: 11 {76}
最X个星状结构: 12 {11}
最X个星状结构: 13 {21}
之前提出的算法计算的连通控制集: {0, 2, 3, 4, 6, 7, 8, 9, 10, 11, 12, 18, 20, 21, 23, 25, 26, 28, 29, 30, 31, 34, 35, 38, 40, 41, 42, 43, 44, 45, 46, 47, 48, 49, 50, 52, 53, 54, 59, 60, 62, 64, 66, 67, 68, 70, 73, 75, 76, 77, 78, 89, 92, 93, 94, 98, 99} 254334
函数值是否为1: 1
最大度: 8
最小度: 2
近似算法近似比为: 0.7489954154772858
近似连通控制集: {0, 1, 2, 4, 5, 8, 9, 11, 13, 14, 16, 17, 18, 19, 20, 21, 22, 25, 26, 30, 31, 32, 33, 34, 35, 36, 39, 40, 41, 45, 47, 48, 49, 50, 52, 53, 54, 55, 57, 58, 59, 61, 63, 65, 68, 70, 72, 75, 78, 80, 82, 84, 86, 88, 91, 92, 93, 94, 95, 98, 99} 223848
函数值是否为1: 1
最X个星状结构: 1 {14}
最X个星状结构: 2 {99}
最X个星状结构: 3 {36}
最X个星状结构: 4 {72}
最X个星状结构: 5 {70}
最X个星状结构: 6 {34}
最X个星状结构: 7 {82}
最X个星状结构: 8 {84}
最X个星状结构: 9 {49}
最X个星状结构: 10 {31}
之前提出的算法计算的连通控制集: {0, 1, 2, 4, 5, 6, 8, 9, 11, 14, 16, 18, 19, 20, 21, 22, 25, 26, 28, 30, 31, 32, 33, 34, 35, 36, 39, 40, 41, 46, 47, 49, 50, 52, 53, 54, 55, 57, 58, 59, 61, 63, 65, 70, 72, 74, 77, 78, 82, 83, 84, 87, 94, 95, 99} 234526
函数值是否为1: 1
最大度: 8
最小度: 2
近似算法近似比为: 0.9544698668804311
近似连通控制集: {1, 3, 6, 9, 10, 11, 12, 13, 14, 15, 17, 19, 22, 23, 24, 25, 26, 27, 30, 31, 34, 35, 36, 37, 38, 39, 40, 41, 42, 43, 44, 45, 47, 50, 52, 54, 55, 58, 60, 61, 64, 67, 72, 73, 74, 75, 76, 77, 78, 81, 82, 83, 84, 85, 88, 91, 92, 94, 95} 197549
函数值是否为1: 1
最X个星状结构: 1 {75}
最X个星状结构: 2 {95}
最X个星状结构: 3 {92}
最X个星状结构: 4 {73}
最X个星状结构: 5 {94}
最X个星状结构: 6 {12}
最X个星状结构: 7 {42}
最X个星状结构: 8 {10}
最X个星状结构: 9 {64}
最X个星状结构: 10 {15}
最X个星状结构: 11 {82}
之前提出的算法计算的连通控制集: {1, 2, 3, 4, 7, 9, 10, 12, 13, 14, 15, 16, 17, 18, 19, 22, 23, 25, 27, 28, 29, 30, 31, 32, 34, 35, 40, 42, 43, 48, 49, 50, 51, 52, 54, 55, 58, 59, 60, 61, 64, 67, 68, 70, 73, 74, 75, 76, 77, 80, 82, 83, 86, 92, 94, 95, 96} 254411
函数值是否为1: 1
最大度: 10
最小度: 2
近似算法近似比为: 0.7764955131657043
近似连通控制集: {1, 2, 3, 4, 5, 8, 9, 10, 12, 13, 14, 15, 16, 17, 19, 20, 24, 25, 26, 28, 29, 30, 31, 33, 35, 37, 38, 39, 40, 41, 42, 43, 44, 45, 46, 47, 48, 49, 51, 52, 55, 58, 60, 61, 64, 65, 67, 70, 71, 73, 74, 76, 79, 81, 82, 84, 87, 89, 90, 91, 93, 98, 99} 205706
函数值是否为1: 1
最X个星状结构: 1 {33}
最X个星状结构: 2 {73}
最X个星状结构: 3 {43}
最X个星状结构: 4 {49}
最X个星状结构: 5 {41}
最X个星状结构: 6 {47}
最X个星状结构: 7 {91}
最X个星状结构: 8 {90}
最X个星状结构: 9 {87}
最X个星状结构: 10 {82}
最X个星状结构: 11 {35}
最X个星状结构: 12 {99}
最X个星状结构: 13 {93}
最X个星状结构: 14 {76}
最X个星状结构: 15 {12}
最X个星状结构: 16 {8}
最X个星状结构: 17 {31}
最X个星状结构: 18 {16}
之前提出的算法计算的连通控制集: {1, 2, 4, 5, 8, 9, 10, 12, 14, 15, 16, 19, 20, 22, 24, 25, 26, 28, 29, 30, 31, 32, 33, 35, 36, 37, 38, 39, 40, 41, 42, 43, 44, 45, 46, 47, 48, 49, 51, 54, 56, 58, 59, 60, 61, 64, 67, 70, 71, 73, 76, 78, 79, 82, 83, 84, 87, 88, 90, 91, 93, 99} 216554
函数值是否为1: 1
最大度: 8
最小度: 2
近似算法近似比为: 0.9499062589469601
近似连通控制集: {0, 1, 2, 4, 5, 6, 7, 8, 11, 12, 13, 15, 16, 17, 18, 19, 27, 28, 29, 30, 32, 33, 34, 35, 36, 37, 38, 39, 40, 42, 44, 45, 48, 49, 50, 52, 53, 54, 55, 60, 62, 64, 65, 68, 69, 72, 73, 74, 77, 79, 80, 84, 86, 87, 89, 91, 92, 95, 97, 98} 215587
函数值是否为1: 1
最X个星状结构: 1 {64}
最X个星状结构: 2 {37}
最X个星状结构: 3 {36}
最X个星状结构: 4 {74}
最X个星状结构: 5 {91}
最X个星状结构: 6 {28}
最X个星状结构: 7 {60}
最X个星状结构: 8 {35}
最X个星状结构: 9 {65}
最X个星状结构: 10 {80}
最X个星状结构: 11 {98}
之前提出的算法计算的连通控制集: {0, 1, 3, 4, 5, 8, 10, 12, 13, 15, 17, 18, 22, 24, 27, 28, 29, 30, 32, 33, 35, 36, 37, 38, 39, 42, 43, 44, 48, 49, 50, 51, 52, 53, 55, 56, 57, 59, 60, 61, 64, 65, 68, 71, 72, 73, 74, 78, 80, 82, 84, 90, 91, 92, 93, 98} 238766
函数值是否为1: 1
最大度: 8
最小度: 2
近似算法近似比为: 0.9029216890176993
近似连通控制集: {0, 1, 3, 4, 6, 7, 10, 11, 16, 21, 22, 23, 24, 25, 26, 27, 30, 31, 32, 34, 36, 38, 40, 41, 43, 45, 46, 49, 50, 54, 56, 59, 62, 63, 65, 66, 67, 68, 70, 71, 75, 76, 77, 78, 79, 80, 84, 85, 86, 88, 89, 91, 93, 95, 97, 98, 99} 178332
函数值是否为1: 1
最X个星状结构: 1 {77}
最X个星状结构: 2 {67}
最X个星状结构: 3 {84}
最X个星状结构: 4 {34}
最X个星状结构: 5 {16}
最X个星状结构: 6 {11}
最X个星状结构: 7 {85}
最X个星状结构: 8 {99}
最X个星状结构: 9 {4}
之前提出的算法计算的连通控制集: {0, 2, 3, 4, 5, 6, 7, 10, 11, 12, 14, 16, 17, 18, 21, 22, 24, 25, 28, 29, 30, 34, 35, 38, 40, 42, 43, 44, 45, 46, 47, 51, 54, 55, 63, 64, 65, 66, 67, 69, 70, 71, 75, 77, 79, 80, 83, 84, 85, 86, 88, 98, 99} 226677
函数值是否为1: 1
最大度: 8
最小度: 2
近似算法近似比为: 0.7867229582180812
近似连通控制集: {1, 2, 3, 4, 7, 9, 10, 12, 13, 14, 15, 17, 21, 22, 24, 26, 28, 29, 30, 31, 32, 35, 36, 39, 40, 41, 45, 48, 50, 53, 56, 57, 58, 61, 62, 63, 64, 70, 71, 72, 73, 77, 78, 80, 81, 82, 83, 84, 85, 87, 88, 89, 90, 91, 92, 93, 94, 95, 96, 97} 193899
函数值是否为1: 1
最X个星状结构: 1 {35}
最X个星状结构: 2 {64}
最X个星状结构: 3 {70}
最X个星状结构: 4 {62}
最X个星状结构: 5 {91}
最X个星状结构: 6 {92}
最X个星状结构: 7 {72}
最X个星状结构: 8 {81}
最X个星状结构: 9 {93}
最X个星状结构: 10 {14}
最X个星状结构: 11 {41}
最X个星状结构: 12 {61}
之前提出的算法计算的连通控制集: {1, 2, 4, 6, 8, 9, 10, 12, 13, 14, 15, 16, 17, 19, 20, 21, 22, 23, 24, 26, 27, 28, 32, 33, 34, 35, 36, 38, 39, 41, 43, 46, 48, 49, 50, 54, 55, 56, 58, 60, 61, 62, 64, 69, 70, 71, 72, 75, 77, 81, 83, 86, 87, 89, 90, 91, 92, 93, 94, 97} 255218
函数值是否为1: 1
最大度: 7
最小度: 2
近似算法近似比为: 0.7597387331614541
近似算法近似比为: 0.7597387331614541
PS D:\python00\thenew>  d:; cd 'd:\python00\thenew'; & 'd:\APP\python\python.exe' 'c:\Users\市委党史研究院办公室\.vscode\extensions\ms-python.debugpy-2024.2.0-win32-x64\bundled\libs\debugpy\adapter/../..\debugpy\launcher' '52195' '--' 'd:\python00\thenew\graph_generator_xunhuan_2.py' 
d:\APP\python\Lib\tkinter\__init__.py:861: UserWarning: Glyph 38543 (\N{CJK UNIFIED IDEOGRAPH-968F}) missing from current font.
  func(*args)
d:\APP\python\Lib\tkinter\__init__.py:861: UserWarning: Glyph 26426 (\N{CJK UNIFIED IDEOGRAPH-673A}) missing from current font.
  func(*args)
d:\APP\python\Lib\tkinter\__init__.py:861: UserWarning: Glyph 36830 (\N{CJK UNIFIED IDEOGRAPH-8FDE}) missing from current font.
  func(*args)
d:\APP\python\Lib\tkinter\__init__.py:861: UserWarning: Glyph 36890 (\N{CJK UNIFIED IDEOGRAPH-901A}) missing from current font.
  func(*args)
d:\APP\python\Lib\tkinter\__init__.py:861: UserWarning: Glyph 22270 (\N{CJK UNIFIED IDEOGRAPH-56FE}) missing from current font.
  func(*args)
近似连通控制集: {0, 1, 7, 10, 11, 12, 13, 15, 16, 17, 18, 19, 21, 22, 26, 28, 29, 30, 31, 32, 33, 35, 36, 39, 40, 41, 42, 44, 46, 48, 50, 51, 52, 55, 58, 59, 62, 63, 65, 66, 67, 68, 70, 72, 73, 74, 75, 76, 78, 79, 81, 85, 86, 87, 90, 91, 92, 95, 98} 210839
函数值是否为1: 1
最X个星状结构: 1 {85}
最X个星状结构: 2 {15}
最X个星状结构: 3 {42}
最X个星状结构: 4 {68}
最X个星状结构: 5 {19}
最X个星状结构: 6 {98}
最X个星状结构: 7 {41}
最X个星状结构: 8 {26}
最X个星状结构: 9 {86}
最X个星状结构: 10 {33}
最X个星状结构: 11 {55}
最X个星状结构: 12 {63}
最X个星状结构: 13 {93}
之前提出的算法计算的连通控制集: {0, 1, 3, 6, 7, 10, 11, 13, 14, 15, 16, 18, 19, 20, 22, 25, 26, 29, 30, 32, 33, 34, 35, 36, 38, 39, 41, 42, 44, 48, 50, 51, 52, 55, 58, 62, 63, 65, 67, 68, 69, 70, 71, 74, 75, 76, 77, 78, 82, 84, 85, 86, 91, 92, 93, 96, 98} 269988
函数值是否为1: 1
最大度: 8
最小度: 2
近似算法近似比为: 0.7809198927359734
近似连通控制集: {0, 1, 3, 4, 5, 7, 10, 13, 16, 17, 18, 20, 23, 24, 25, 27, 28, 30, 31, 32, 40, 41, 44, 46, 48, 50, 51, 52, 55, 56, 58, 60, 62, 64, 65, 66, 67, 69, 71, 72, 73, 74, 75, 76, 78, 79, 80, 81, 83, 84, 86, 90, 91, 93, 96, 99} 183468
函数值是否为1: 1
最X个星状结构: 1 {91}
最X个星状结构: 2 {76}
最X个星状结构: 3 {4}
最X个星状结构: 4 {23}
最X个星状结构: 5 {58}
最X个星状结构: 6 {50}
最X个星状结构: 7 {84}
最X个星状结构: 8 {73}
最X个星状结构: 9 {93}
最X个星状结构: 10 {74}
最X个星状结构: 11 {44}
最X个星状结构: 12 {51}
最X个星状结构: 13 {56}
之前提出的算法计算的连通控制集: {0, 1, 2, 4, 5, 7, 10, 15, 17, 18, 19, 20, 21, 23, 24, 28, 29, 30, 31, 32, 33, 37, 39, 40, 41, 42, 43, 44, 45, 47, 48, 50, 51, 52, 54, 55, 56, 58, 60, 61, 62, 66, 69, 71, 73, 74, 75, 76, 78, 80, 82, 83, 84, 91, 92, 93} 250832
函数值是否为1: 1
最大度: 10
最小度: 2
近似算法近似比为: 0.7314377750845187
近似连通控制集: {0, 1, 2, 5, 6, 8, 10, 13, 14, 15, 16, 17, 18, 19, 20, 21, 22, 23, 24, 27, 28, 29, 30, 32, 33, 34, 35, 36, 37, 39, 41, 43, 44, 47, 48, 49, 50, 51, 54, 55, 56, 58, 59, 64, 69, 71, 73, 77, 80, 81, 82, 83, 85, 87, 89, 90, 93, 94, 98} 182977
函数值是否为1: 1
最X个星状结构: 1 {2}
最X个星状结构: 2 {28}
最X个星状结构: 3 {37}
最X个星状结构: 4 {19}
最X个星状结构: 5 {35}
最X个星状结构: 6 {87}
最X个星状结构: 7 {23}
最X个星状结构: 8 {48}
最X个星状结构: 9 {21}
最X个星状结构: 10 {22}
最X个星状结构: 11 {0}
最X个星状结构: 12 {69}
最X个星状结构: 13 {61}
之前提出的算法计算的连通控制集: {0, 1, 2, 5, 7, 8, 9, 10, 11, 12, 14, 16, 17, 18, 19, 20, 21, 22, 23, 24, 25, 27, 28, 29, 30, 35, 37, 39, 43, 44, 45, 46, 47, 48, 49, 50, 51, 54, 55, 56, 58, 59, 60, 61, 63, 64, 67, 68, 69, 72, 77, 79, 81, 87, 88, 94} 220497
函数值是否为1: 1
最大度: 9
最小度: 2
近似算法近似比为: 0.8298389547250076
近似连通控制集: {0, 1, 2, 3, 6, 7, 11, 13, 17, 22, 24, 25, 26, 28, 30, 32, 33, 35, 36, 37, 38, 39, 40, 41, 43, 45, 46, 47, 48, 50, 53, 54, 55, 56, 57, 58, 59, 60, 63, 64, 65, 67, 68, 69, 70, 71, 76, 78, 79, 83, 85, 86, 88, 91, 92, 96, 98, 99} 213653
函数值是否为1: 1
最X个星状结构: 1 {85}
最X个星状结构: 2 {50}
最X个星状结构: 3 {30}
最X个星状结构: 4 {79}
最X个星状结构: 5 {91}
最X个星状结构: 6 {88}
最X个星状结构: 7 {64}
最X个星状结构: 8 {78}
最X个星状结构: 9 {48}
最X个星状结构: 10 {62}
最X个星状结构: 11 {12}
最X个星状结构: 12 {21}
之前提出的算法计算的连通控制集: {1, 3, 5, 7, 8, 9, 10, 11, 12, 14, 15, 17, 20, 21, 22, 23, 25, 30, 33, 36, 37, 38, 40, 41, 43, 45, 46, 48, 49, 50, 51, 53, 55, 57, 58, 62, 64, 65, 66, 68, 70, 72, 74, 75, 78, 79, 81, 85, 87, 88, 90, 91, 93, 94, 96, 98} 270905
函数值是否为1: 1
最大度: 9
最小度: 2
近似算法近似比为: 0.7886639227773574
近似连通控制集: {0, 1, 4, 8, 9, 10, 11, 12, 15, 16, 17, 18, 19, 21, 22, 25, 28, 29, 30, 33, 39, 41, 42, 43, 44, 45, 46, 47, 49, 50, 51, 54, 56, 57, 58, 59, 60, 62, 64, 66, 68, 69, 75, 76, 77, 78, 79, 85, 86, 87, 88, 89, 90, 91, 92, 93, 94, 97, 98, 99} 200418
函数值是否为1: 1
最X个星状结构: 1 {66}
最X个星状结构: 2 {4}
最X个星状结构: 3 {85}
最X个星状结构: 4 {19}
最X个星状结构: 5 {39}
最X个星状结构: 6 {97}
最X个星状结构: 7 {45}
最X个星状结构: 8 {41}
最X个星状结构: 9 {40}
最X个星状结构: 10 {93}
最X个星状结构: 11 {6}
之前提出的算法计算的连通控制集: {0, 1, 3, 4, 5, 6, 7, 8, 9, 10, 11, 14, 15, 16, 17, 18, 19, 20, 21, 22, 23, 27, 32, 33, 35, 36, 37, 39, 40, 41, 43, 45, 46, 49, 50, 54, 56, 57, 58, 59, 60, 62, 66, 67, 68, 69, 70, 75, 85, 86, 87, 88, 91, 93, 97} 223402
函数值是否为1: 1
最大度: 7
最小度: 2
近似算法近似比为: 0.8971181994789662
最 41 个最优的星状结构: {16, 69} 5558
近似连通控制集: {1, 2, 5, 6, 7, 9, 10, 12, 13, 16, 19, 21, 22, 23, 26, 28, 31, 35, 38, 39, 42, 43, 44, 45, 48, 49, 50, 52, 53, 54, 55, 57, 58, 60, 61, 62, 63, 65, 66, 67, 69, 71, 73, 74, 76, 77, 78, 80, 81, 84, 85, 90, 91, 94, 96} 179422
函数值是否为1: 1
最X个星状结构: 1 {91}
最X个星状结构: 2 {96}
最X个星状结构: 3 {76}
最X个星状结构: 4 {50}
最X个星状结构: 5 {22}
最X个星状结构: 6 {60}
最X个星状结构: 7 {49}
之前提出的算法计算的连通控制集: {0, 2, 4, 5, 6, 7, 9, 10, 11, 12, 13, 14, 16, 18, 19, 21, 22, 23, 25, 26, 28, 29, 31, 33, 35, 36, 38, 43, 45, 48, 49, 50, 52, 54, 55, 57, 60, 62, 63, 66, 67, 70, 71, 73, 74, 76, 77, 84, 91, 93, 96, 99} 206648
函数值是否为1: 1
最大度: 9
最小度: 2
近似算法近似比为: 0.868249390267508
近似连通控制集: {1, 2, 3, 5, 6, 8, 10, 12, 13, 14, 15, 16, 17, 18, 20, 21, 24, 25, 27, 29, 33, 34, 35, 36, 41, 42, 43, 44, 45, 47, 49, 52, 54, 55, 56, 58, 59, 60, 61, 62, 63, 65, 66, 68, 69, 71, 77, 82, 83, 84, 85, 86, 89, 90, 91, 92, 93, 95, 97, 98} 228723
函数值是否为1: 1
最X个星状结构: 1 {60}
最X个星状结构: 2 {45}
最X个星状结构: 3 {5}
最X个星状结构: 4 {91}
最X个星状结构: 5 {49}
最X个星状结构: 6 {58}
最X个星状结构: 7 {36}
最X个星状结构: 8 {24}
最X个星状结构: 9 {52}
之前提出的算法计算的连通控制集: {0, 1, 2, 3, 5, 6, 7, 8, 9, 12, 14, 16, 18, 21, 22, 23, 24, 25, 26, 31, 32, 33, 34, 36, 38, 40, 41, 42, 43, 44, 45, 48, 49, 50, 52, 53, 54, 55, 56, 58, 60, 63, 64, 65, 71, 73, 74, 85, 88, 89, 90, 91, 93, 99} 252934
函数值是否为1: 1
最大度: 12
最小度: 2
近似算法近似比为: 0.9042793772288423
近似连通控制集: {0, 1, 2, 6, 7, 8, 9, 11, 14, 17, 18, 19, 22, 23, 26, 27, 28, 30, 33, 35, 36, 38, 41, 43, 45, 46, 48, 49, 50, 52, 53, 55, 57, 59, 63, 65, 67, 68, 69, 71, 72, 73, 74, 75, 76, 77, 78, 79, 82, 83, 87, 88, 89, 91, 92, 94, 95, 98, 99} 232756
函数值是否为1: 1
最X个星状结构: 1 {67}
最X个星状结构: 2 {27}
最X个星状结构: 3 {55}
最X个星状结构: 4 {1}
最X个星状结构: 5 {53}
最X个星状结构: 6 {71}
最X个星状结构: 7 {9}
最X个星状结构: 8 {94}
最X个星状结构: 9 {87}
最X个星状结构: 10 {91}
最X个星状结构: 11 {78}
之前提出的算法计算的连通控制集: {0, 1, 2, 3, 4, 8, 9, 11, 12, 14, 15, 17, 19, 20, 22, 24, 25, 26, 27, 30, 31, 34, 35, 36, 37, 39, 41, 42, 46, 47, 48, 49, 50, 53, 55, 57, 58, 59, 60, 62, 67, 68, 71, 72, 77, 78, 81, 82, 85, 86, 87, 91, 92, 94} 293807
函数值是否为1: 1
最大度: 13
最小度: 2
近似算法近似比为: 0.7922071291698292
近似连通控制集: {0, 1, 2, 4, 5, 7, 9, 11, 15, 16, 17, 18, 20, 21, 22, 23, 24, 25, 26, 28, 30, 31, 33, 34, 35, 36, 39, 40, 42, 44, 46, 49, 51, 52, 53, 54, 55, 58, 59, 62, 66, 67, 70, 73, 74, 76, 78, 79, 85, 94, 95, 97, 98, 99} 225678
函数值是否为1: 1
最X个星状结构: 1 {94}
最X个星状结构: 2 {59}
最X个星状结构: 3 {98}
最X个星状结构: 4 {78}
最X个星状结构: 5 {57}
最X个星状结构: 6 {15}
最X个星状结构: 7 {11}
最X个星状结构: 8 {85}
最X个星状结构: 9 {31}
最X个星状结构: 10 {79}
之前提出的算法计算的连通控制集: {1, 2, 4, 5, 6, 7, 8, 9, 10, 11, 13, 15, 17, 18, 20, 21, 22, 23, 24, 26, 27, 29, 30, 31, 33, 34, 35, 36, 39, 40, 41, 42, 45, 46, 47, 49, 52, 53, 57, 58, 59, 60, 64, 65, 66, 67, 71, 78, 79, 80, 85, 89, 94, 98, 99} 277573
函数值是否为1: 1
最大度: 9
最小度: 2
近似算法近似比为: 0.8130401732156947
近似连通控制集: {0, 1, 4, 7, 8, 10, 11, 12, 14, 15, 16, 17, 21, 22, 23, 25, 26, 27, 28, 33, 34, 36, 41, 44, 45, 46, 47, 49, 51, 55, 56, 57, 59, 63, 64, 66, 67, 69, 72, 76, 77, 79, 80, 81, 82, 85, 86, 87, 89, 90, 92, 94, 95, 96, 98, 99} 164529
函数值是否为1: 1
最X个星状结构: 1 {49}
最X个星状结构: 2 {87}
最X个星状结构: 3 {90}
最X个星状结构: 4 {82}
最X个星状结构: 5 {2}
最X个星状结构: 6 {7}
最X个星状结构: 7 {89}
最X个星状结构: 8 {47}
最X个星状结构: 9 {83}
之前提出的算法计算的连通控制集: {0, 2, 4, 5, 6, 7, 8, 9, 10, 11, 12, 14, 16, 17, 18, 19, 21, 23, 24, 25, 26, 27, 28, 30, 31, 34, 35, 36, 38, 40, 41, 43, 44, 45, 46, 47, 49, 51, 52, 54, 56, 59, 60, 66, 67, 69, 72, 74, 75, 82, 83, 85, 87, 89, 90, 95} 240510
函数值是否为1: 1
最大度: 7
最小度: 2
近似算法近似比为: 0.6840838218785081
近似算法平均近似比为: 0.8089838636562204

PS D:\python00\thenew>  & 'd:\APP\python\python.exe' 'c:\Users\市委党史研究院办公室\.vscode\extensions\ms-python.debugpy-2024.2.0-win32-x64\bundled\libs\debugpy\adapter/../..\debugpy\launcher' '52976' '--' 'd:\python00\thenew\graph_generator_xunhuan_2.py' 
d:\APP\python\Lib\tkinter\__init__.py:861: UserWarning: Glyph 38543 (\N{CJK UNIFIED IDEOGRAPH-968F}) missing from current font.
  func(*args)
d:\APP\python\Lib\tkinter\__init__.py:861: UserWarning: Glyph 26426 (\N{CJK UNIFIED IDEOGRAPH-673A}) missing from current font.
  func(*args)
d:\APP\python\Lib\tkinter\__init__.py:861: UserWarning: Glyph 36830 (\N{CJK UNIFIED IDEOGRAPH-8FDE}) missing from current font.
  func(*args)
d:\APP\python\Lib\tkinter\__init__.py:861: UserWarning: Glyph 36890 (\N{CJK UNIFIED IDEOGRAPH-901A}) missing from current font.
  func(*args)
d:\APP\python\Lib\tkinter\__init__.py:861: UserWarning: Glyph 22270 (\N{CJK UNIFIED IDEOGRAPH-56FE}) missing from current font.
  func(*args)
近似连通控制集: {2, 4, 5, 6, 7, 8, 9, 10, 11, 13, 15, 16, 17, 19, 21, 23, 25, 27, 28, 29, 30, 31, 32, 33, 34, 36, 37, 40, 42, 43, 44, 45, 46, 47, 50, 51, 55, 56, 58, 59, 60, 61, 64, 66, 67, 68, 69, 73, 76, 77, 78, 79, 80, 82, 84, 85, 87, 90, 93, 94, 96, 99, 101, 103, 106, 109, 110, 112, 113, 114, 116, 117, 118, 119, 121, 122, 125, 126, 127, 128, 129, 131, 132, 133, 137, 139, 140, 141, 143, 145, 148, 149, 153, 154, 157, 158, 160, 162, 164, 170, 172, 175, 177, 178, 180, 186, 187, 190, 191, 192, 193, 194, 196, 197} 438408
函数值是否为1: 1
最X个星状结构: 1 {80}
最X个星状结构: 2 {29}
最X个星状结构: 3 {172}
最X个星状结构: 4 {196}
最X个星状结构: 5 {60}
最X个星状结构: 6 {42}
最X个星状结构: 7 {194}
最X个星状结构: 8 {96}
最X个星状结构: 9 {129}
最X个星状结构: 10 {165}
最X个星状结构: 11 {145}
最X个星状结构: 12 {177}
最X个星状结构: 13 {154}
最X个星状结构: 14 {128}
最X个星状结构: 15 {113}
最X个星状结构: 16 {36}
最X个星状结构: 17 {48}
最X个星状结构: 18 {76}
之前提出的算法计算的连通控制集: {0, 2, 4, 5, 7, 8, 9, 10, 11, 13, 15, 16, 17, 21, 23, 25, 26, 27, 28, 29, 30, 31, 32, 33, 34, 35, 36, 37, 40, 42, 44, 45, 46, 47, 48, 50, 52, 53, 54, 57, 58, 59, 60, 63, 66, 67, 68, 69, 73, 76, 79, 80, 85, 86, 87, 88, 89, 96, 98, 99, 101, 103, 104, 106, 107, 108, 109, 110, 112, 113, 114, 116, 117, 118, 120, 128, 129, 130, 133, 137, 139, 140, 141, 142, 143, 144, 145, 149, 154, 155, 157, 160, 162, 165, 166, 168, 172, 176, 177, 178, 179, 187, 190, 194, 196} 492099
函数值是否为1: 1
最大度: 10
最小度: 2
近似算法近似比为: 0.8908939054946261
近似连通控制集: {0, 1, 4, 5, 7, 8, 10, 12, 14, 15, 17, 18, 19, 20, 21, 22, 24, 25, 27, 29, 32, 33, 34, 35, 36, 37, 39, 40, 41, 42, 43, 49, 50, 53, 54, 55, 56, 58, 59, 60, 62, 63, 65, 67, 68, 71, 73, 75, 76, 77, 79, 80, 81, 82, 83, 86, 89, 90, 91, 93, 97, 98, 100, 102, 103, 104, 105, 107, 108, 109, 111, 112, 113, 115, 116, 119, 122, 123, 124, 125, 126, 127, 129, 130, 131, 133, 134, 137, 138, 141, 143, 145, 152, 153, 154, 156, 161, 163, 165, 166, 167, 168, 169, 172, 173, 175, 176, 179, 180, 185, 186, 188, 189, 190, 191, 193, 194, 195, 197, 199} 422264
函数值是否为1: 1
最X个星状结构: 1 {176}
最X个星状结构: 2 {40}
最X个星状结构: 3 {199}
最X个星状结构: 4 {191}
最X个星状结构: 5 {43}
最X个星状结构: 6 {21}
最X个星状结构: 7 {76}
最X个星状结构: 8 {91}
最X个星状结构: 9 {137}
最X个星状结构: 10 {50}
最X个星状结构: 11 {125}
最X个星状结构: 12 {116}
最X个星状结构: 13 {109}
最X个星状结构: 14 {62}
最X个星状结构: 15 {159}
最X个星状结构: 16 {90}
最X个星状结构: 17 {161}
最X个星状结构: 18 {9}
之前提出的算法计算的连通控制集: {0, 1, 2, 4, 5, 7, 9, 10, 11, 12, 13, 14, 15, 17, 18, 19, 21, 22, 24, 25, 26, 27, 28, 29, 30, 31, 33, 34, 35, 36, 39, 40, 41, 42, 43, 44, 45, 47, 48, 49, 50, 52, 55, 58, 60, 62, 65, 68, 69, 73, 75, 76, 78, 79, 80, 83, 85, 86, 88, 90, 91, 92, 93, 96, 97, 99, 100, 103, 104, 106, 107, 109, 110, 111, 112, 113, 116, 117, 121, 122, 123, 124, 125, 128, 131, 132, 133, 134, 135, 136, 137, 138, 141, 145, 148, 149, 153, 154, 158, 159, 160, 161, 163, 165, 176, 180, 184, 191, 199} 529998
函数值是否为1: 1
最大度: 9
最小度: 2
近似算法近似比为: 0.7967275348208861
近似连通控制集: {0, 1, 2, 3, 4, 5, 7, 10, 11, 15, 16, 17, 18, 19, 21, 24, 25, 27, 28, 30, 31, 33, 34, 35, 36, 38, 41, 42, 43, 44, 45, 46, 47, 51, 54, 55, 56, 57, 58, 59, 62, 63, 64, 65, 66, 68, 70, 72, 74, 75, 76, 77, 79, 80, 83, 85, 86, 87, 89, 90, 91, 92, 94, 96, 98, 99, 100, 102, 103, 105, 106, 109, 110, 112, 113, 114, 115, 116, 118, 119, 120, 121, 126, 130, 132, 135, 139, 140, 142, 143, 146, 147, 148, 149, 151, 153, 155, 156, 159, 160, 162, 163, 166, 167, 170, 171, 173, 175, 176, 178, 179, 180, 185, 186, 187, 189, 190, 197, 199} 412321
函数值是否为1: 1
最X个星状结构: 1 {102}
最X个星状结构: 2 {64}
最X个星状结构: 3 {143}
最X个星状结构: 4 {147}
最X个星状结构: 5 {115}
最X个星状结构: 6 {114}
最X个星状结构: 7 {85}
最X个星状结构: 8 {34}
最X个星状结构: 9 {41}
最X个星状结构: 10 {170}
最X个星状结构: 11 {31}
最X个星状结构: 12 {149}
最X个星状结构: 13 {151}
最X个星状结构: 14 {108}
最X个星状结构: 15 {89}
最X个星状结构: 16 {25}
最X个星状结构: 17 {190}
最X个星状结构: 18 {66}
最X个星状结构: 19 {130}
最X个星状结构: 20 {173}
最X个星状结构: 21 {186}
最X个星状结构: 22 {21}
最X个星状结构: 23 {176}
最X个星状结构: 24 {91}
之前提出的算法计算的连通控制集: {2, 3, 4, 5, 7, 10, 11, 12, 13, 16, 17, 18, 19, 20, 21, 22, 24, 25, 27, 29, 30, 31, 33, 34, 35, 36, 37, 38, 39, 40, 41, 42, 43, 44, 45, 46, 47, 49, 51, 55, 56, 57, 58, 59, 62, 64, 65, 66, 68, 69, 71, 75, 76, 77, 79, 81, 84, 85, 87, 89, 91, 93, 94, 96, 98, 99, 100, 102, 103, 104, 106, 107, 108, 109, 110, 112, 114, 115, 118, 123, 126, 127, 130, 132, 133, 135, 139, 143, 145, 146, 147, 148, 149, 150, 151, 153, 155, 160, 163, 165, 166, 169, 170, 173, 176, 178, 180, 186, 190, 194, 195, 199} 480376
函数值是否为1: 1
最大度: 11
最小度: 2
近似算法近似比为: 0.8583297250487119
近似连通控制集: {1, 2, 3, 5, 6, 8, 11, 12, 14, 15, 16, 18, 20, 23, 24, 25, 26, 27, 28, 29, 30, 31, 32, 34, 35, 36, 37, 41, 42, 43, 45, 47, 50, 52, 53, 54, 55, 56, 60, 63, 65, 66, 68, 69, 71, 72, 74, 75, 77, 80, 83, 84, 86, 87, 88, 91, 92, 94, 95, 96, 99, 100, 101, 104, 107, 108, 111, 112, 116, 119, 124, 125, 128, 131, 132, 133, 135, 139, 140, 141, 142, 144, 145, 148, 153, 155, 156, 157, 159, 160, 164, 167, 168, 169, 171, 173, 174, 176, 179, 180, 183, 184, 186, 187, 188, 190, 191, 194, 197, 198} 358989
函数值是否为1: 1
最X个星状结构: 1 {198}
最X个星状结构: 2 {84}
最X个星状结构: 3 {112}
最X个星状结构: 4 {2}
最X个星状结构: 5 {194}
最X个星状结构: 6 {75}
最X个星状结构: 7 {156}
最X个星状结构: 8 {45}
最X个星状结构: 9 {16}
最X个星状结构: 10 {63}
最X个星状结构: 11 {179}
最X个星状结构: 12 {14}
最X个星状结构: 13 {53}
最X个星状结构: 14 {135}
最X个星状结构: 15 {131}
最X个星状结构: 16 {144}
最X个星状结构: 17 {88}
之前提出的算法计算的连通控制集: {1, 2, 3, 4, 7, 8, 9, 10, 11, 12, 14, 15, 16, 20, 22, 23, 25, 26, 27, 28, 29, 31, 33, 34, 35, 36, 37, 39, 41, 42, 43, 45, 51, 52, 53, 54, 55, 56, 57, 58, 60, 61, 62, 63, 64, 65, 67, 68, 69, 72, 73, 74, 75, 78, 80, 84, 87, 88, 89, 91, 93, 94, 96, 100, 101, 102, 104, 106, 107, 109, 110, 111, 112, 115, 116, 117, 119, 121, 124, 125, 130, 131, 134, 135, 136, 137, 138, 141, 143, 144, 147, 156, 157, 159, 160, 164, 167, 179, 190, 191, 193, 194, 195, 196, 198, 199} 461400
函数值是否为1: 1
最大度: 11
最小度: 2
近似算法近似比为: 0.7780429128738622
近似连通控制集: {0, 1, 5, 6, 8, 9, 10, 11, 12, 15, 16, 17, 18, 21, 23, 24, 25, 26, 28, 29, 30, 31, 32, 33, 35, 36, 39, 40, 48, 52, 53, 55, 56, 58, 60, 61, 62, 63, 69, 71, 73, 75, 76, 79, 80, 81, 82, 84, 86, 88, 91, 92, 95, 98, 99, 101, 102, 103, 105, 106, 109, 110, 111, 113, 114, 115, 117, 118, 119, 120, 121, 123, 125, 127, 128, 131, 133, 134, 136, 139, 140, 141, 142, 143, 144, 145, 146, 149, 150, 151, 152, 154, 157, 158, 159, 160, 161, 163, 165, 166, 169, 170, 171, 172, 174, 177, 179, 180, 181, 182, 183, 184, 185, 187, 188, 193, 196, 197} 419692
函数值是否为1: 1
最X个星状结构: 1 {88}
最X个星状结构: 2 {1}
最X个星状结构: 3 {159}
最X个星状结构: 4 {177}
最X个星状结构: 5 {62}
最X个星状结构: 6 {125}
最X个星状结构: 7 {48}
最X个星状结构: 8 {30}
最X个星状结构: 9 {146}
最X个星状结构: 10 {134}
最X个星状结构: 11 {165}
最X个星状结构: 12 {101}
最X个星状结构: 13 {79}
最X个星状结构: 14 {39}
最X个星状结构: 15 {188}
最X个星状结构: 16 {161}
最X个星状结构: 17 {118}
最X个星状结构: 18 {12}
最X个星状结构: 19 {60}
最X个星状结构: 20 {72}
最X个星状结构: 21 {150}
最X个星状结构: 22 {133}
最X个星状结构: 23 {158}
最X个星状结构: 24 {190}
之前提出的算法计算的连通控制集: {0, 1, 2, 3, 5, 6, 7, 8, 9, 10, 12, 16, 17, 18, 19, 20, 23, 24, 25, 26, 27, 28, 29, 30, 31, 32, 33, 35, 36, 38, 39, 40, 43, 45, 48, 49, 50, 52, 53, 54, 55, 56, 57, 58, 59, 60, 61, 62, 65, 66, 68, 69, 71, 72, 73, 75, 76, 78, 79, 80, 81, 82, 85, 88, 91, 93, 95, 98, 101, 103, 104, 105, 106, 108, 114, 116, 118, 120, 121, 123, 125, 127, 129, 133, 134, 136, 137, 139, 140, 142, 143, 145, 146, 147, 148, 150, 158, 159, 160, 161, 163, 165, 166, 172, 177, 178, 187, 188, 190, 191, 196, 197, 199} 500297
函数值是否为1: 1
最大度: 9
最小度: 2
近似算法近似比为: 0.8388857018930755
近似连通控制集: {1, 6, 7, 8, 9, 10, 12, 14, 16, 17, 18, 22, 24, 25, 27, 28, 29, 30, 31, 32, 33, 34, 36, 39, 41, 42, 43, 47, 48, 52, 53, 55, 56, 58, 59, 60, 61, 62, 63, 64, 65, 66, 67, 72, 76, 77, 79, 80, 81, 82, 83, 87, 88, 90, 92, 93, 95, 96, 97, 99, 102, 103, 105, 106, 109, 111, 112, 113, 114, 117, 118, 119, 120, 121, 125, 126, 128, 129, 131, 132, 136, 138, 139, 142, 144, 145, 147, 148, 150, 152, 153, 160, 161, 162, 165, 166, 167, 168, 170, 172, 173, 175, 176, 177, 180, 182, 183, 187, 190, 192, 193, 194, 196, 198, 199} 376530
函数值是否为1: 1
最X个星状结构: 1 {59}
最X个星状结构: 2 {150}
最X个星状结构: 3 {58}
最X个星状结构: 4 {139}
最X个星状结构: 5 {63}
最X个星状结构: 6 {10}
最X个星状结构: 7 {72}
最X个星状结构: 8 {148}
最X个星状结构: 9 {177}
最X个星状结构: 10 {87}
最X个星状结构: 11 {48}
最X个星状结构: 12 {173}
最X个星状结构: 13 {32}
最X个星状结构: 14 {30}
最X个星状结构: 15 {109}
最X个星状结构: 16 {64}
最X个星状结构: 17 {88}
最X个星状结构: 18 {172}
最X个星状结构: 19 {194}
最X个星状结构: 20 {192}
最X个星状结构: 21 {35}
最X个星状结构: 22 {159}
之前提出的算法计算的连通控制集: {1, 3, 6, 7, 8, 9, 10, 11, 12, 14, 15, 16, 17, 18, 20, 22, 23, 24, 25, 27, 29, 30, 32, 33, 34, 35, 36, 37, 39, 40, 41, 42, 43, 45, 46, 48, 50, 51, 53, 54, 55, 56, 57, 58, 59, 63, 64, 67, 68, 70, 71, 72, 76, 77, 79, 83, 84, 87, 88, 89, 90, 92, 93, 94, 95, 97, 99, 104, 105, 107, 108, 109, 111, 112, 114, 116, 117, 119, 121, 127, 129, 135, 139, 140, 144, 145, 147, 148, 150, 152, 156, 158, 159, 161, 162, 165, 168, 169, 172, 173, 174, 177, 180, 184, 187, 190, 192, 194} 474813
函数值是否为1: 1
最大度: 11
最小度: 2
近似算法近似比为: 0.7930069311497369
近似连通控制集: {1, 2, 4, 6, 7, 9, 12, 13, 15, 17, 19, 20, 22, 24, 25, 26, 27, 29, 30, 32, 33, 34, 41, 42, 43, 45, 46, 47, 48, 49, 52, 53, 55, 56, 57, 58, 59, 60, 61, 62, 65, 66, 69, 70, 72, 73, 74, 77, 78, 81, 85, 89, 91, 94, 95, 97, 101, 103, 106, 108, 109, 110, 112, 114, 115, 117, 119, 120, 121, 122, 123, 124, 125, 126, 129, 130, 133, 135, 137, 138, 139, 140, 141, 142, 144, 146, 147, 152, 153, 154, 155, 159, 160, 161, 162, 164, 165, 166, 167, 168, 169, 172, 173, 175, 176, 177, 181, 183, 184, 185, 189, 192, 193, 195, 196} 402734
函数值是否为1: 1
最X个星状结构: 1 {162}
最X个星状结构: 2 {4}
最X个星状结构: 3 {46}
最X个星状结构: 4 {42}
最X个星状结构: 5 {141}
最X个星状结构: 6 {9}
最X个星状结构: 7 {17}
最X个星状结构: 8 {135}
最X个星状结构: 9 {7}
最X个星状结构: 10 {43}
最X个星状结构: 11 {115}
最X个星状结构: 12 {146}
最X个星状结构: 13 {52}
最X个星状结构: 14 {69}
最X个星状结构: 15 {138}
最X个星状结构: 16 {155}
最X个星状结构: 17 {26}
最X个星状结构: 18 {77}
最X个星状结构: 19 {88}
最X个星状结构: 20 {166}
最X个星状结构: 21 {97}
最X个星状结构: 22 {144}
最X个星状结构: 23 {19}
最X个星状结构: 24 {192}
最X个星状结构: 25 {189}
之前提出的算法计算的连通控制集: {0, 1, 2, 3, 4, 5, 6, 7, 9, 10, 11, 12, 13, 15, 16, 17, 18, 19, 20, 22, 23, 24, 25, 26, 27, 28, 29, 30, 32, 33, 34, 36, 40, 41, 42, 43, 44, 46, 47, 48, 49, 50, 52, 54, 56, 57, 58, 59, 60, 61, 64, 65, 67, 68, 69, 73, 74, 76, 77, 78, 81, 82, 88, 94, 95, 96, 97, 98, 99, 101, 103, 104, 105, 107, 108, 109, 114, 115, 119, 121, 122, 123, 126, 128, 132, 133, 135, 136, 138, 141, 142, 144, 145, 146, 149, 151, 152, 153, 155, 160, 161, 162, 164, 165, 166, 176, 177, 178, 187, 189, 192, 195} 521379
函数值是否为1: 1
最大度: 13
最小度: 2
近似算法近似比为: 0.7724400100502705
近似连通控制集: {0, 1, 2, 4, 5, 6, 8, 9, 10, 11, 12, 14, 15, 16, 17, 19, 21, 22, 24, 26, 28, 29, 30, 31, 33, 35, 37, 38, 39, 40, 41, 43, 44, 45, 46, 47, 50, 51, 53, 54, 55, 56, 57, 58, 60, 61, 62, 63, 64, 68, 69, 72, 74, 76, 77, 79, 80, 81, 82, 83, 84, 85, 92, 93, 94, 97, 98, 99, 101, 102, 103, 105, 109, 110, 113, 115, 116, 117, 118, 120, 122, 124, 125, 127, 130, 132, 133, 136, 137, 144, 145, 146, 147, 150, 152, 153, 154, 155, 156, 157, 159, 160, 161, 162, 163, 165, 167, 169, 170, 172, 173, 174, 178, 179, 181, 185, 186, 188, 191, 192, 193, 195, 197} 478895
函数值是否为1: 1
最X个星状结构: 1 {144}
最X个星状结构: 2 {63}
最X个星状结构: 3 {56}
最X个星状结构: 4 {117}
最X个星状结构: 5 {53}
最X个星状结构: 6 {76}
最X个星状结构: 7 {132}
最X个星状结构: 8 {127}
最X个星状结构: 9 {197}
最X个星状结构: 10 {145}
最X个星状结构: 11 {172}
最X个星状结构: 12 {125}
最X个星状结构: 13 {44}
最X个星状结构: 14 {41}
最X个星状结构: 15 {30}
最X个星状结构: 16 {80}
最X个星状结构: 17 {160}
最X个星状结构: 18 {137}
最X个星状结构: 19 {94}
最X个星状结构: 20 {157}
最X个星状结构: 21 {173}
最X个星状结构: 22 {37}
最X个星状结构: 23 {152}
最X个星状结构: 24 {150}
最X个星状结构: 25 {191}
之前提出的算法计算的连通控制集: {0, 1, 2, 4, 5, 6, 9, 10, 12, 14, 15, 16, 20, 21, 24, 25, 26, 27, 28, 29, 30, 31, 32, 33, 37, 38, 39, 40, 41, 43, 44, 45, 46, 47, 48, 49, 51, 52, 53, 54, 55, 56, 60, 61, 62, 63, 66, 67, 68, 70, 72, 74, 76, 77, 80, 81, 82, 83, 84, 85, 91, 92, 94, 97, 99, 103, 104, 105, 106, 109, 115, 116, 117, 118, 122, 124, 125, 127, 129, 132, 133, 135, 137, 140, 142, 143, 144, 145, 148, 149, 150, 152, 154, 157, 158, 160, 165, 169, 171, 172, 173, 174, 179, 180, 182, 185, 190, 191, 195, 196, 197, 198} 535659
函数值是否为1: 1
最大度: 9
最小度: 2
近似算法近似比为: 0.8940295971877631
近似连通控制集: {1, 2, 3, 4, 6, 7, 11, 12, 13, 16, 19, 20, 21, 22, 24, 25, 26, 27, 28, 29, 30, 35, 37, 39, 41, 42, 48, 49, 50, 51, 52, 53, 55, 56, 57, 59, 61, 62, 63, 64, 65, 67, 69, 70, 72, 73, 74, 75, 76, 79, 82, 83, 85, 86, 89, 90, 91, 92, 94, 95, 96, 98, 99, 100, 101, 102, 103, 104, 106, 107, 108, 111, 112, 115, 121, 122, 124, 125, 126, 127, 130, 132, 133, 137, 141, 142, 143, 145, 146, 148, 150, 151, 152, 155, 156, 157, 158, 159, 160, 161, 166, 168, 169, 172, 173, 177, 179, 182, 183, 185, 186, 187, 189, 190, 191, 195, 196, 199} 413521
函数值是否为1: 1
最X个星状结构: 1 {182}
最X个星状结构: 2 {137}
最X个星状结构: 3 {94}
最X个星状结构: 4 {122}
最X个星状结构: 5 {189}
最X个星状结构: 6 {91}
最X个星状结构: 7 {124}
最X个星状结构: 8 {173}
最X个星状结构: 9 {56}
最X个星状结构: 10 {151}
最X个星状结构: 11 {159}
最X个星状结构: 12 {143}
最X个星状结构: 13 {79}
最X个星状结构: 14 {190}
最X个星状结构: 15 {125}
最X个星状结构: 16 {50}
之前提出的算法计算的连通控制集: {0, 2, 3, 6, 7, 9, 11, 12, 13, 14, 16, 17, 19, 20, 21, 22, 23, 24, 25, 27, 28, 29, 30, 36, 37, 40, 41, 43, 44, 45, 46, 49, 50, 51, 52, 54, 55, 56, 57, 58, 61, 62, 63, 64, 67, 68, 69, 70, 72, 74, 75, 76, 79, 81, 82, 84, 86, 87, 89, 90, 91, 93, 94, 96, 98, 101, 102, 104, 106, 113, 115, 120, 122, 123, 124, 125, 126, 130, 132, 137, 139, 143, 145, 146, 151, 152, 155, 156, 159, 160, 161, 162, 163, 168, 169, 172, 173, 174, 176, 182, 183, 187, 189, 190, 194, 195} 504253
函数值是否为1: 1
最大度: 10
最小度: 2
近似算法近似比为: 0.8200665142299599
近似连通控制集: {0, 1, 2, 5, 9, 10, 12, 13, 14, 15, 17, 20, 21, 22, 23, 25, 26, 28, 31, 32, 34, 35, 36, 37, 39, 40, 41, 42, 44, 46, 47, 48, 49, 50, 54, 57, 58, 59, 60, 62, 64, 65, 67, 69, 70, 71, 72, 74, 75, 78, 80, 83, 85, 88, 89, 91, 92, 93, 94, 95, 96, 97, 98, 99, 101, 102, 103, 105, 106, 108, 109, 110, 111, 112, 113, 114, 117, 122, 124, 125, 126, 132, 133, 134, 136, 137, 141, 143, 145, 148, 151, 152, 155, 156, 161, 162, 163, 164, 165, 166, 168, 172, 174, 176, 177, 181, 184, 186, 187, 189, 190, 192, 194, 195, 197, 199} 391696
函数值是否为1: 1
最X个星状结构: 1 {163}
最X个星状结构: 2 {42}
最X个星状结构: 3 {125}
最X个星状结构: 4 {34}
最X个星状结构: 5 {194}
最X个星状结构: 6 {60}
最X个星状结构: 7 {176}
最X个星状结构: 8 {15}
最X个星状结构: 9 {89}
最X个星状结构: 10 {80}
最X个星状结构: 11 {132, 46}
最X个星状结构: 12 {26}
最X个星状结构: 13 {94}
最X个星状结构: 14 {99}
最X个星状结构: 15 {47}
最X个星状结构: 16 {184}
最X个星状结构: 17 {151}
最X个星状结构: 18 {152}
最X个星状结构: 19 {133}
最X个星状结构: 20 {49}
最X个星状结构: 21 {137}
最X个星状结构: 22 {103}
最X个星状结构: 23 {110}
最X个星状结构: 24 {1}
最X个星状结构: 25 {165}
最X个星状结构: 26 {112}
最X个星状结构: 27 {39}
最X个星状结构: 28 {164}
之前提出的算法计算的连通控制集: {0, 1, 2, 3, 5, 9, 10, 12, 13, 14, 15, 18, 19, 21, 22, 23, 24, 25, 26, 27, 30, 31, 32, 33, 34, 35, 36, 37, 39, 41, 42, 43, 44, 46, 47, 48, 49, 50, 53, 54, 56, 57, 58, 59, 60, 61, 62, 63, 65, 68, 69, 70, 72, 73, 74, 75, 76, 78, 79, 80, 82, 83, 85, 89, 91, 93, 94, 95, 96, 99, 100, 102, 103, 105, 107, 110, 112, 113, 115, 116, 117, 118, 121, 122, 124, 125, 126, 128, 131, 132, 133, 135, 137, 138, 141, 143, 148, 151, 152, 160, 161, 162, 163, 164, 165, 166, 167, 169, 173, 176, 184, 188, 190, 194, 196} 506026
函数值是否为1: 1
最大度: 10
最小度: 2
近似算法近似比为: 0.7740629928106461
近似算法平均近似比为: 0.8216485825559537


PS D:\python00\thenew>  d:; cd 'd:\python00\thenew'; & 'd:\APP\python\python.exe' 'c:\Users\市委党史研究院办公室\.vscode\extensions\ms-python.debugpy-2024.2.0-win32-x64\bundled\libs\debugpy\adapter/../..\debugpy\launcher' '53530' '--' 'd:\python00\thenew\graph_generator_xunhuan_2.py' 
d:\APP\python\Lib\tkinter\__init__.py:861: UserWarning: Glyph 38543 (\N{CJK UNIFIED IDEOGRAPH-968F}) missing from current font.
  func(*args)
d:\APP\python\Lib\tkinter\__init__.py:861: UserWarning: Glyph 26426 (\N{CJK UNIFIED IDEOGRAPH-673A}) missing from current font.
  func(*args)
d:\APP\python\Lib\tkinter\__init__.py:861: UserWarning: Glyph 36830 (\N{CJK UNIFIED IDEOGRAPH-8FDE}) missing from current font.
  func(*args)
d:\APP\python\Lib\tkinter\__init__.py:861: UserWarning: Glyph 36890 (\N{CJK UNIFIED IDEOGRAPH-901A}) missing from current font.
  func(*args)
d:\APP\python\Lib\tkinter\__init__.py:861: UserWarning: Glyph 22270 (\N{CJK UNIFIED IDEOGRAPH-56FE}) missing from current font.
  func(*args)
近似连通控制集: {257, 3, 4, 5, 262, 259, 8, 266, 11, 268, 15, 16, 273, 274, 18, 275, 21, 22, 279, 24, 23, 26, 283, 284, 285, 286, 30, 287, 31, 34, 35, 33, 37, 38, 40, 41, 42, 296, 299, 45, 297, 47, 43, 49, 51, 57, 59, 62, 66, 70, 76, 79, 81, 83, 85, 86, 87, 88, 89, 90, 91, 94, 97, 98, 100, 101, 102, 106, 107, 108, 109, 111, 112, 120, 122, 123, 126, 128, 137, 138, 139, 140, 141, 142, 144, 145, 146, 148, 154, 156, 160, 167, 169, 170, 174, 178, 180, 183, 185, 186, 187, 189, 190, 191, 192, 198, 199, 201, 207, 209, 218, 220, 222, 225, 227, 229, 238, 241, 244, 245, 250, 253} 304378
函数值是否为1: 1
最X个星状结构: 1 {209}
最X个星状结构: 2 {102}
最X个星状结构: 3 {139}
最X个星状结构: 4 {145}
最X个星状结构: 5 {284}
最X个星状结构: 6 {266}
最X个星状结构: 7 {15}
最X个星状结构: 8 {88}
最X个星状结构: 9 {126}
最X个星状结构: 10 {21}
之前提出的算法计算的连通控制集: {0, 2, 3, 5, 6, 8, 11, 12, 13, 15, 16, 18, 20, 21, 24, 26, 28, 30, 33, 34, 35, 36, 40, 41, 42, 43, 45, 46, 49, 53, 56, 59, 64, 66, 68, 71, 73, 74, 75, 78, 83, 88, 90, 92, 96, 97, 100, 101, 102, 105, 106, 107, 109, 113, 116, 117, 119, 121, 122, 123, 125, 126, 127, 130, 131, 135, 139, 141, 145, 148, 152, 154, 165, 166, 169, 173, 177, 178, 183, 184, 186, 187, 190, 201, 209, 212, 215, 218, 228, 232, 237, 238, 242, 244, 258, 264, 266, 284, 299} 467366
函数值是否为1: 1
最大度: 15
最小度: 2
近似算法近似比为: 0.6512626078918877
近似连通控制集: {0, 2, 258, 261, 265, 10, 267, 12, 272, 17, 276, 21, 23, 24, 28, 288, 32, 33, 35, 291, 290, 34, 36, 296, 41, 37, 43, 297, 48, 52, 55, 58, 61, 65, 66, 67, 74, 77, 78, 79, 80, 82, 83, 84, 85, 86, 88, 90, 92, 93, 95, 97, 98, 99, 101, 109, 110, 111, 117, 118, 119, 120, 121, 126, 127, 128, 131, 132, 140, 142, 146, 147, 148, 152, 156, 157, 159, 160, 166, 167, 171, 172, 174, 180, 181, 183, 186, 187, 189, 192, 195, 197, 198, 199, 202, 208, 209, 211, 212, 213, 215, 216, 217, 220, 223, 225, 227, 230, 233, 234, 235, 238, 246, 247, 249, 253} 266830
函数值是否为1: 1
最X个星状结构: 1 {233}
最X个星状结构: 2 {111}
最X个星状结构: 3 {86}
最X个星状结构: 4 {13}
最X个星状结构: 5 {181}
最X个星状结构: 6 {267}
最X个星状结构: 7 {223}
最X个星状结构: 8 {216}
最X个星状结构: 9 {65}
之前提出的算法计算的连通控制集: {0, 1, 3, 4, 5, 10, 11, 12, 13, 15, 17, 21, 22, 24, 25, 26, 28, 31, 32, 34, 35, 38, 39, 41, 44, 46, 47, 48, 50, 51, 53, 60, 63, 65, 66, 67, 69, 74, 75, 77, 81, 82, 83, 84, 86, 90, 92, 93, 94, 97, 98, 99, 103, 105, 109, 111, 115, 117, 118, 119, 121, 124, 126, 127, 132, 138, 153, 159, 160, 161, 168, 171, 181, 182, 192, 193, 209, 212, 215, 216, 220, 223, 226, 230, 233, 241, 243, 249, 256, 261, 267, 268, 296} 400536
函数值是否为1: 1
最大度: 16
最小度: 2
近似算法近似比为: 0.6661823156969661
近似连通控制集: {0, 1, 256, 259, 3, 5, 6, 7, 264, 9, 8, 11, 13, 15, 276, 278, 282, 28, 30, 31, 32, 33, 290, 35, 36, 291, 294, 295, 39, 41, 42, 44, 46, 49, 50, 54, 55, 57, 59, 61, 62, 63, 67, 73, 81, 82, 84, 94, 95, 96, 98, 99, 101, 105, 106, 108, 109, 111, 116, 117, 118, 119, 121, 122, 126, 127, 128, 130, 133, 134, 135, 138, 139, 140, 141, 147, 148, 149, 151, 154, 157, 161, 162, 167, 170, 171, 178, 180, 187, 189, 197, 198, 200, 203, 205, 206, 208, 209, 210, 211, 212, 217, 219, 224, 225, 226, 227, 229, 230, 234, 236, 244, 246, 247, 248, 251, 252} 298246
函数值是否为1: 1
最X个星状结构: 1 {234}
最X个星状结构: 2 {170}
最X个星状结构: 3 {127}
最X个星状结构: 4 {224}
最X个星状结构: 5 {226}
最X个星状结构: 6 {126}
最X个星状结构: 7 {246}
最X个星状结构: 8 {67}
最X个星状结构: 9 {0}
最X个星状结构: 10 {63}
最X个星状结构: 11 {161}
最X个星状结构: 12 {230}
最X个星状结构: 13 {291}
最X个星状结构: 14 {256}
最X个星状结构: 15 {236}
之前提出的算法计算的连通控制集: {0, 1, 2, 4, 5, 6, 7, 8, 11, 15, 16, 20, 21, 22, 24, 26, 27, 28, 30, 33, 34, 35, 38, 39, 43, 44, 45, 50, 51, 53, 54, 55, 58, 60, 63, 65, 67, 68, 69, 70, 76, 78, 80, 83, 85, 89, 94, 95, 99, 101, 102, 108, 109, 110, 111, 113, 116, 118, 121, 122, 124, 126, 127, 128, 130, 135, 139, 141, 142, 148, 158, 161, 165, 168, 170, 172, 174, 175, 178, 180, 186, 187, 196, 197, 200, 206, 210, 214, 218, 224, 226, 229, 230, 234, 236, 237, 244, 246, 247, 256, 267, 274, 280, 291} 451853
函数值是否为1: 1
最大度: 16
最小度: 2
近似算法近似比为: 0.6600509457721869
近似连通控制集: {256, 1, 3, 4, 5, 262, 264, 8, 10, 12, 270, 15, 271, 17, 19, 20, 275, 24, 281, 26, 28, 31, 289, 33, 35, 36, 290, 38, 34, 40, 294, 298, 299, 42, 45, 46, 47, 48, 51, 52, 53, 61, 63, 73, 74, 75, 77, 78, 81, 83, 86, 91, 94, 97, 103, 104, 106, 110, 112, 113, 117, 118, 119, 120, 122, 126, 127, 128, 130, 131, 132, 136, 137, 139, 141, 142, 143, 146, 147, 148, 152, 153, 157, 158, 162, 163, 166, 170, 171, 172, 176, 180, 182, 185, 189, 196, 203, 204, 206, 209, 210, 212, 216, 217, 218, 224, 227, 232, 235, 236, 239, 240, 247, 248, 250, 252, 253} 289779
函数值是否为1: 1
最X个星状结构: 1 {19}
最X个星状结构: 2 {5}
最X个星状结构: 3 {17}
最X个星状结构: 4 {78}
最X个星状结构: 5 {290}
最X个星状结构: 6 {275}
最X个星状结构: 7 {176}
最X个星状结构: 8 {52}
最X个星状结构: 9 {271}
最X个星状结构: 10 {171}
之前提出的算法计算的连通控制集: {0, 1, 2, 5, 10, 11, 12, 13, 15, 17, 19, 23, 24, 25, 27, 28, 29, 30, 31, 36, 40, 42, 43, 44, 45, 46, 47, 48, 49, 51, 52, 56, 58, 59, 64, 67, 69, 70, 71, 72, 75, 77, 78, 81, 82, 94, 96, 98, 100, 101, 103, 110, 112, 113, 116, 118, 119, 122, 123, 124, 126, 127, 128, 136, 137, 142, 143, 152, 158, 161, 162, 171, 176, 177, 191, 193, 195, 196, 197, 203, 212, 217, 220, 224, 226, 228, 232, 236, 240, 248, 263, 271, 272, 275, 283, 290, 295} 428233
函数值是否为1: 1
最大度: 16
最小度: 2
近似算法近似比为: 0.6766853558693515
近似连通控制集: {256, 2, 3, 261, 263, 264, 7, 10, 266, 11, 13, 270, 15, 14, 8, 274, 275, 18, 20, 278, 23, 24, 281, 26, 27, 280, 285, 29, 288, 289, 33, 35, 291, 38, 295, 296, 41, 42, 298, 44, 46, 47, 49, 53, 54, 55, 57, 61, 62, 64, 65, 66, 79, 83, 89, 90, 93, 98, 99, 100, 101, 103, 105, 111, 113, 277, 117, 120, 121, 126, 132, 133, 138, 140, 141, 144, 155, 157, 159, 161, 164, 165, 166, 167, 169, 170, 171, 173, 174, 176, 177, 178, 179, 183, 184, 187, 190, 194, 198, 199, 203, 204, 205, 206, 211, 213, 214, 215, 219, 220, 224, 229, 230, 233, 236, 237, 239, 241, 243, 244, 247, 249, 251, 253} 320046
函数值是否为1: 1
最X个星状结构: 1 {3}
最X个星状结构: 2 {138}
最X个星状结构: 3 {288}
最X个星状结构: 4 {55}
最X个星状结构: 5 {253}
最X个星状结构: 6 {178}
最X个星状结构: 7 {103}
最X个星状结构: 8 {289}
最X个星状结构: 9 {62}
最X个星状结构: 10 {169}
最X个星状结构: 11 {249}
最X个星状结构: 12 {170}
最X个星状结构: 13 {243}
最X个星状结构: 14 {281}
之前提出的算法计算的连通控制集: {0, 1, 3, 5, 6, 8, 10, 11, 13, 14, 16, 20, 26, 28, 29, 31, 34, 37, 38, 39, 41, 46, 48, 49, 50, 54, 55, 56, 58, 60, 61, 62, 65, 67, 71, 72, 76, 77, 81, 82, 83, 84, 86, 88, 89, 90, 93, 95, 97, 98, 99, 100, 103, 105, 106, 111, 112, 113, 114, 116, 117, 120, 127, 129, 134, 135, 137, 138, 141, 144, 149, 151, 153, 157, 159, 161, 163, 165, 166, 169, 170, 173, 178, 180, 181, 184, 194, 198, 199, 202, 205, 233, 236, 238, 243, 244, 249, 252, 253, 259, 270, 271, 274, 281, 288, 289, 295, 298} 471244
函数值是否为1: 1
最大度: 14
最小度: 2
近似算法近似比为: 0.6791513525901656
近似连通控制集: {0, 2, 260, 5, 4, 263, 265, 10, 9, 269, 13, 14, 16, 15, 18, 19, 21, 277, 23, 25, 282, 283, 285, 29, 287, 288, 33, 34, 291, 289, 293, 292, 295, 296, 43, 44, 45, 46, 299, 48, 49, 51, 52, 53, 56, 58, 59, 62, 63, 64, 66, 68, 70, 75, 77, 79, 80, 81, 82, 84, 85, 86, 89, 90, 92, 93, 96, 105, 108, 110, 112, 115, 118, 119, 122, 126, 130, 134, 139, 142, 143, 144, 145, 148, 151, 30, 159, 162, 163, 164, 166, 168, 170, 171, 172, 173, 175, 178, 181, 187, 189, 190, 191, 192, 193, 195, 197, 200, 202, 208, 209, 213, 214, 215, 216, 229, 230, 234, 242, 243, 244, 245, 246, 247, 251, 254} 347175
函数值是否为1: 1
最X个星状结构: 1 {193}
最X个星状结构: 2 {49}
最X个星状结构: 3 {192}
最X个星状结构: 4 {191}
最X个星状结构: 5 {287}
最X个星状结构: 6 {243}
最X个星状结构: 7 {291}
最X个星状结构: 8 {56}
最X个星状结构: 9 {269}
最X个星状结构: 10 {70}
最X个星状结构: 11 {288}
最X个星状结构: 12 {25}
最X个星状结构: 13 {96}
最X个星状结构: 14 {66}
最X个星状结构: 15 {265}
最X个星状结构: 16 {173}
之前提出的算法计算的连通控制集: {0, 2, 3, 5, 6, 8, 9, 10, 12, 14, 15, 16, 18, 19, 21, 22, 23, 25, 28, 29, 32, 37, 38, 39, 42, 43, 46, 49, 56, 59, 60, 63, 66, 67, 69, 70, 72, 74, 76, 77, 79, 80, 81, 82, 85, 87, 88, 89, 93, 95, 96, 97, 101, 102, 103, 105, 108, 112, 113, 118, 119, 125, 126, 130, 134, 135, 137, 139, 140, 142, 144, 148, 152, 153, 154, 157, 161, 166, 168, 172, 173, 175, 180, 186, 187, 189, 191, 192, 193, 194, 196, 212, 213, 216, 221, 229, 230, 231, 237, 243, 254, 265, 269, 287, 288, 291} 497930
函数值是否为1: 1
最大度: 15
最小度: 2
近似算法近似比为: 0.6972365593557327
近似连通控制集: {0, 1, 256, 260, 6, 262, 13, 14, 271, 18, 275, 19, 281, 27, 284, 283, 286, 31, 288, 33, 34, 29, 36, 292, 38, 296, 41, 298, 299, 43, 46, 47, 49, 50, 51, 55, 56, 58, 59, 60, 61, 63, 66, 69, 74, 77, 78, 80, 83, 89, 92, 93, 95, 96, 100, 101, 109, 110, 112, 113, 117, 120, 123, 129, 130, 132, 134, 137, 139, 140, 141, 143, 145, 150, 157, 158, 159, 165, 166, 168, 169, 173, 174, 175, 180, 182, 184, 186, 188, 189, 190, 192, 194, 195, 197, 198, 203, 205, 206, 207, 209, 212, 213, 215, 218, 219, 223, 230, 231, 235, 237, 240, 243, 249, 252, 254} 305919
函数值是否为1: 1
最X个星状结构: 1 {260}
最X个星状结构: 2 {207}
最X个星状结构: 3 {129}
最X个星状结构: 4 {165}
最X个星状结构: 5 {92}
最X个星状结构: 6 {96}
最X个星状结构: 7 {194}
最X个星状结构: 8 {18}
最X个星状结构: 9 {89}
最X个星状结构: 10 {49}
最X个星状结构: 11 {271}
最X个星状结构: 12 {36}
最X个星状结构: 13 {274}
之前提出的算法计算的连通控制集: {0, 1, 3, 4, 5, 6, 11, 12, 13, 14, 16, 18, 19, 22, 23, 31, 32, 33, 34, 36, 37, 38, 40, 41, 45, 46, 49, 50, 51, 55, 56, 59, 61, 62, 63, 64, 70, 71, 73, 74, 76, 78, 80, 83, 86, 88, 89, 92, 93, 95, 96, 101, 102, 107, 109, 110, 113, 117, 122, 127, 128, 129, 130, 134, 145, 151, 152, 153, 154, 158, 165, 168, 170, 177, 181, 188, 189, 192, 194, 195, 200, 207, 209, 214, 218, 233, 237, 239, 249, 260, 263, 266, 271, 274, 280, 283, 284, 294, 297} 427418
函数值是否为1: 1
最大度: 15
最小度: 2
近似算法近似比为: 0.7157372876200815
近似连通控制集: {256, 3, 4, 5, 6, 262, 264, 259, 266, 11, 263, 269, 265, 271, 272, 273, 19, 277, 22, 280, 282, 27, 28, 285, 30, 31, 288, 29, 290, 293, 39, 297, 44, 45, 46, 49, 52, 53, 62, 63, 68, 71, 72, 73, 75, 77, 78, 81, 85, 86, 90, 93, 95, 96, 97, 99, 100, 106, 111, 113, 118, 119, 120, 125, 127, 128, 130, 134, 137, 139, 140, 142, 143, 145, 150, 156, 157, 159, 160, 161, 164, 165, 167, 169, 175, 182, 185, 188, 189, 190, 192, 196, 200, 201, 202, 203, 206, 208, 209, 210, 211, 212, 214, 215, 217, 218, 227, 228, 232, 233, 235, 237, 242, 243, 247, 250, 253, 255} 310936
函数值是否为1: 1
最X个星状结构: 1 {118}
最X个星状结构: 2 {142}
最X个星状结构: 3 {30}
最X个星状结构: 4 {119}
最X个星状结构: 5 {39}
最X个星状结构: 6 {90}
最X个星状结构: 7 {46}
最X个星状结构: 8 {81}
最X个星状结构: 9 {169}
最X个星状结构: 10 {29}
最X个星状结构: 11 {85}
之前提出的算法计算的连通控制集: {1, 4, 5, 6, 7, 8, 10, 13, 14, 15, 17, 20, 22, 23, 28, 29, 30, 36, 39, 42, 43, 44, 45, 46, 47, 48, 49, 50, 52, 54, 57, 60, 61, 63, 66, 67, 69, 72, 73, 77, 78, 80, 81, 85, 88, 90, 93, 95, 96, 103, 104, 105, 106, 107, 111, 113, 117, 118, 119, 123, 125, 126, 128, 132, 133, 134, 137, 142, 146, 147, 152, 153, 158, 161, 166, 169, 172, 173, 178, 179, 197, 198, 199, 201, 202, 203, 205, 211, 215, 225, 229, 233, 240, 257, 262, 263, 271, 272, 283, 291, 297} 507102
函数值是否为1: 1
最大度: 16
最小度: 2
近似算法近似比为: 0.6131626378913907
近似连通控制集: {256, 0, 4, 7, 9, 10, 265, 17, 20, 21, 27, 28, 285, 30, 286, 287, 36, 293, 38, 296, 297, 298, 40, 44, 41, 42, 53, 59, 61, 66, 67, 68, 72, 78, 87, 88, 90, 93, 95, 96, 98, 99, 100, 104, 110, 111, 112, 114, 119, 120, 122, 124, 126, 128, 129, 132, 134, 138, 140, 141, 142, 144, 157, 159, 161, 163, 167, 168, 171, 175, 176, 177, 178, 181, 182, 183, 184, 185, 186, 187, 188, 189, 190, 192, 193, 194, 198, 201, 202, 204, 207, 209, 211, 212, 215, 216, 220, 223, 225, 230, 232, 233, 235, 238, 240, 245, 246, 247, 251, 252, 255} 291348
函数值是否为1: 1
最X个星状结构: 1 {88}
最X个星状结构: 2 {232}
最X个星状结构: 3 {95}
最X个星状结构: 4 {198}
最X个星状结构: 5 {167}
最X个星状结构: 6 {177}
最X个星状结构: 7 {297}
最X个星状结构: 8 {87}
最X个星状结构: 9 {212}
最X个星状结构: 10 {157}
最X个星状结构: 11 {98}
之前提出的算法计算的连通控制集: {0, 1, 2, 7, 8, 9, 15, 17, 19, 20, 21, 22, 26, 28, 31, 32, 34, 38, 39, 40, 42, 43, 44, 46, 47, 48, 51, 52, 53, 55, 58, 61, 65, 66, 67, 68, 69, 70, 74, 78, 81, 84, 86, 87, 88, 90, 92, 95, 96, 98, 99, 100, 101, 103, 105, 113, 114, 119, 129, 131, 141, 144, 145, 146, 151, 152, 155, 157, 161, 167, 168, 171, 173, 177, 178, 184, 186, 198, 204, 207, 211, 212, 215, 227, 229, 230, 232, 233, 238, 239, 241, 249, 255, 267, 276, 284, 297} 462935
函数值是否为1: 1
最大度: 15
最小度: 2
近似算法近似比为: 0.6293496927214404
近似连通控制集: {257, 258, 259, 1, 261, 2, 260, 264, 3, 262, 267, 8, 269, 13, 15, 16, 18, 276, 24, 25, 283, 285, 29, 31, 287, 291, 293, 294, 295, 296, 40, 298, 45, 48, 50, 51, 52, 54, 56, 57, 58, 60, 64, 65, 66, 67, 70, 73, 77, 79, 80, 81, 84, 85, 86, 90, 91, 92, 95, 96, 100, 101, 105, 106, 108, 111, 113, 115, 116, 117, 118, 125, 126, 129, 130, 132, 133, 135, 139, 140, 143, 145, 154, 159, 161, 166, 167, 169, 170, 171, 172, 176, 177, 185, 187, 188, 190, 191, 194, 196, 197, 199, 200, 203, 205, 209, 214, 216, 218, 219, 220, 221, 234, 241, 242, 243, 245, 249, 250, 255} 281796
函数值是否为1: 1
最X个星状结构: 1 {257}
最X个星状结构: 2 {197}
最X个星状结构: 3 {205}
最X个星状结构: 4 {249}
最X个星状结构: 5 {174}
最X个星状结构: 6 {115}
最X个星状结构: 7 {194}
最X个星状结构: 8 {287}
最X个星状结构: 9 {169}
最X个星状结构: 10 {234}
最X个星状结构: 11 {296}
最X个星状结构: 12 {260}
之前提出的算法计算的连通控制集: {0, 1, 2, 3, 4, 6, 7, 14, 15, 16, 21, 22, 23, 26, 27, 29, 34, 37, 42, 43, 51, 54, 56, 58, 60, 62, 64, 65, 66, 72, 73, 78, 80, 81, 82, 84, 85, 86, 88, 91, 92, 95, 96, 100, 101, 103, 104, 105, 107, 108, 110, 112, 113, 115, 116, 118, 121, 124, 127, 129, 130, 139, 142, 143, 148, 149, 150, 161, 164, 166, 169, 172, 174, 176, 178, 180, 194, 197, 201, 203, 205, 214, 216, 222, 227, 228, 233, 234, 241, 249, 251, 252, 257, 260, 261, 269, 287, 295, 296, 298} 420540
函数值是否为1: 1
最大度: 16
最小度: 2
近似算法近似比为: 0.6700813240119846
近似算法平均近似比为: 0.6658900079421188

近似连通控制集: {0, 5, 6, 9, 10, 12, 14, 15, 16, 20, 23, 26, 31, 35, 37, 41, 45, 46, 47, 50, 51, 53, 54, 56, 57, 60, 63, 65, 66, 71, 72, 76, 77, 79, 80, 81, 85, 88, 89, 92, 100, 101, 102, 104, 105, 111, 112, 114, 117, 118, 119, 124, 128, 129, 130, 131, 132, 133, 136, 138, 139, 142, 145, 148, 152, 153, 155, 156, 160, 163, 165, 167, 173, 174, 175, 179, 182, 184, 185, 186, 189, 190, 191, 195, 196, 199, 200, 203, 204, 208, 212, 215, 219, 221, 222, 226, 227, 229, 232, 236, 238, 239, 241, 243, 247, 248, 253, 254, 255, 257, 261, 262, 271, 273, 274, 275, 276, 278, 282, 283, 284, 287, 289, 290, 292, 293, 295, 296, 297, 299, 301, 302, 305, 306, 310, 311, 315, 318, 319, 324, 325, 329, 330, 333, 334, 335, 340, 341, 344, 349, 352, 354, 356, 358, 359, 363, 365, 367, 368, 369, 370, 372, 373, 377, 380, 381, 383, 384, 386, 387, 390, 393, 394, 395, 396} 498624
函数值是否为1: 1
最X个星状结构: 1 {335}
最X个星状结构: 2 {283}
最X个星状结构: 3 {241}
最X个星状结构: 4 {182}
最X个星状结构: 5 {130}
最X个星状结构: 6 {372}
之前提出的算法计算的连通控制集: {0, 3, 6, 8, 10, 11, 12, 13, 14, 15, 17, 19, 20, 21, 23, 25, 26, 28, 29, 31, 32, 34, 37, 39, 40, 42, 43, 49, 50, 51, 52, 53, 54, 57, 60, 61, 62, 64, 66, 67, 68, 71, 72, 75, 77, 78, 79, 80, 82, 86, 90, 92, 93, 94, 96, 97, 100, 101, 103, 108, 110, 111, 112, 117, 121, 122, 124, 125, 127, 130, 134, 136, 137, 138, 141, 142, 147, 149, 150, 153, 154, 157, 158, 159, 160, 163, 166, 167, 174, 177, 178, 182, 184, 186, 188, 192, 193, 197, 199, 200, 202, 203, 206, 213, 214, 215, 216, 219, 220, 232, 235, 236, 238, 239, 241, 248, 254, 257, 261, 266, 267, 268, 270, 272, 273, 280, 281, 283, 285, 287, 297, 299, 314, 315, 319, 321, 334, 335, 342, 346, 349, 353, 359, 372, 373, 376, 377, 390, 397} 762656
函数值是否为1: 1
最大度: 15
最小度: 4
近似算法近似比为: 0.6537993538371166
近似连通控制集: {2, 3, 7, 9, 13, 14, 15, 16, 17, 18, 21, 22, 23, 24, 25, 28, 30, 31, 35, 36, 37, 42, 43, 45, 46, 47, 48, 51, 52, 55, 59, 60, 61, 65, 68, 69, 71, 74, 75, 77, 84, 85, 86, 91, 92, 94, 100, 103, 107, 109, 110, 111, 115, 116, 117, 118, 121, 122, 123, 126, 127, 129, 130, 131, 132, 136, 138, 139, 140, 141, 145, 148, 150, 151, 157, 165, 168, 169, 170, 171, 172, 173, 174, 176, 181, 184, 185, 187, 190, 191, 193, 196, 197, 199, 200, 203, 204, 206, 207, 210, 211, 213, 218, 219, 220, 225, 226, 231, 234, 235, 237, 241, 243, 246, 247, 248, 254, 257, 260, 261, 262, 264, 272, 273, 274, 277, 283, 284, 285, 288, 292, 293, 294, 295, 297, 299, 300, 301, 302, 306, 307, 309, 310, 312, 314, 315, 320, 322, 329, 331, 333, 335, 338, 340, 341, 342, 344, 346, 347, 348, 352, 354, 355, 358, 361, 363, 366, 367, 368, 373, 376, 381, 383, 385, 387, 389, 391, 392, 393, 394, 395, 397} 495648
函数值是否为1: 1
最X个星状结构: 1 {203}
最X个星状结构: 2 {187}
最X个星状结构: 3 {348}
最X个星状结构: 4 {123}
最X个星状结构: 5 {352}
最X个星状结构: 6 {3}
最X个星状结构: 7 {172}
最X个星状结构: 8 {338}
最X个星状结构: 9 {234}
最X个星状结构: 10 {293}
之前提出的算法计算的连通控制集: {0, 2, 3, 7, 8, 9, 10, 11, 12, 13, 18, 19, 21, 22, 23, 24, 27, 28, 31, 33, 34, 36, 37, 38, 40, 45, 46, 47, 48, 50, 52, 53, 55, 57, 58, 60, 61, 63, 65, 68, 69, 72, 73, 76, 82, 83, 88, 89, 91, 92, 94, 97, 99, 103, 107, 109, 112, 113, 114, 116, 117, 119, 121, 123, 124, 125, 126, 127, 129, 130, 131, 132, 134, 135, 138, 141, 143, 146, 147, 148, 150, 151, 153, 155, 159, 161, 164, 165, 166, 169, 172, 173, 174, 175, 176, 179, 184, 186, 187, 189, 190, 191, 197, 200, 201, 203, 204, 209, 212, 213, 220, 224, 227, 228, 229, 230, 234, 237, 243, 245, 254, 264, 274, 277, 279, 281, 283, 284, 286, 289, 292, 293, 294, 309, 312, 315, 322, 335, 338, 339, 345, 347, 348, 352, 355, 366, 378, 380, 383, 384, 389} 734109
函数值是否为1: 1
最大度: 16
最小度: 4
近似算法近似比为: 0.6751694911791029
近似连通控制集: {3, 4, 5, 8, 10, 15, 17, 19, 20, 21, 24, 27, 33, 34, 35, 38, 40, 41, 44, 47, 50, 54, 55, 56, 57, 60, 62, 63, 64, 68, 70, 74, 82, 83, 84, 85, 88, 89, 90, 92, 93, 97, 98, 99, 102, 106, 108, 110, 112, 116, 117, 119, 120, 123, 125, 131, 133, 134, 136, 138, 139, 140, 141, 142, 143, 144, 145, 146, 148, 149, 151, 153, 154, 155, 156, 158, 160, 162, 165, 169, 170, 171, 172, 174, 175, 177, 179, 183, 185, 188, 189, 193, 194, 195, 200, 202, 205, 207, 210, 223, 224, 227, 229, 232, 234, 237, 242, 243, 244, 246, 249, 251, 255, 257, 258, 259, 261, 263, 266, 273, 276, 277, 278, 280, 281, 282, 284, 286, 287, 288, 291, 292, 294, 296, 297, 299, 301, 303, 309, 310, 314, 315, 317, 319, 320, 324, 325, 333, 335, 336, 337, 338, 340, 341, 343, 344, 347, 348, 350, 352, 353, 358, 359, 360, 361, 362, 366, 370, 381, 383, 385, 389, 391, 393} 494187
函数值是否为1: 1
最X个星状结构: 1 {301}
最X个星状结构: 2 {123}
最X个星状结构: 3 {259}
最X个星状结构: 4 {324}
最X个星状结构: 5 {97}
最X个星状结构: 6 {92}
最X个星状结构: 7 {177}
最X个星状结构: 8 {244}
之前提出的算法计算的连通控制集: {0, 2, 3, 5, 6, 7, 8, 10, 12, 15, 16, 17, 19, 21, 24, 25, 26, 27, 28, 33, 35, 36, 37, 38, 40, 41, 44, 45, 46, 47, 50, 51, 53, 54, 55, 56, 57, 59, 62, 63, 64, 65, 66, 67, 69, 70, 71, 73, 74, 76, 78, 82, 83, 84, 85, 87, 88, 89, 91, 92, 93, 95, 97, 98, 101, 102, 106, 108, 111, 112, 115, 117, 119, 123, 125, 130, 135, 140, 143, 144, 148, 150, 152, 162, 167, 168, 170, 172, 175, 177, 179, 184, 187, 191, 192, 194, 199, 203, 204, 206, 207, 209, 210, 217, 218, 224, 227, 229, 233, 237, 239, 240, 244, 247, 252, 253, 256, 257, 258, 259, 263, 266, 268, 272, 278, 285, 286, 290, 296, 299, 301, 305, 310, 314, 318, 320, 324, 327, 330, 333, 336, 343, 348, 349, 350, 353, 356, 360, 366, 370, 375, 391, 393} 684337
函数值是否为1: 1
最大度: 17
最小度: 4
近似算法近似比为: 0.7221398229235011
近似连通控制集: {4, 6, 7, 9, 10, 13, 14, 17, 19, 20, 21, 22, 25, 27, 29, 34, 38, 39, 40, 41, 42, 43, 44, 45, 46, 47, 49, 50, 51, 54, 58, 60, 61, 63, 64, 66, 70, 72, 78, 80, 83, 85, 86, 87, 91, 92, 94, 97, 98, 99, 101, 103, 105, 106, 108, 109, 111, 113, 119, 122, 123, 124, 125, 127, 128, 138, 142, 145, 151, 152, 153, 154, 157, 162, 165, 166, 168, 170, 173, 174, 179, 180, 183, 192, 194, 200, 202, 204, 206, 211, 214, 215, 216, 217, 218, 219, 220, 222, 224, 226, 227, 230, 232, 237, 242, 247, 248, 249, 250, 251, 254, 255, 257, 258, 260, 262, 267, 270, 271, 274, 275, 276, 277, 279, 281, 282, 286, 287, 288, 289, 294, 298, 301, 302, 306, 309, 310, 313, 314, 319, 322, 326, 330, 334, 336, 337, 339, 340, 341, 343, 344, 346, 347, 348, 349, 350, 352, 354, 355, 357, 358, 359, 361, 366, 367, 372, 377, 378, 379, 383, 387, 388, 393, 396, 397, 398} 443666
函数值是否为1: 1
最X个星状结构: 1 {347}
最X个星状结构: 2 {179}
最X个星状结构: 3 {14}
最X个星状结构: 4 {254}
最X个星状结构: 5 {319}
最X个星状结构: 6 {43}
最X个星状结构: 7 {205}
之前提出的算法计算的连通控制集: {2, 4, 5, 9, 10, 12, 13, 14, 15, 20, 21, 22, 23, 25, 26, 27, 28, 29, 30, 32, 36, 37, 38, 39, 41, 42, 43, 45, 46, 49, 50, 51, 52, 54, 55, 58, 61, 62, 65, 66, 69, 70, 73, 74, 75, 78, 79, 80, 82, 83, 85, 88, 90, 91, 92, 96, 97, 98, 101, 104, 105, 106, 107, 108, 112, 114, 115, 116, 122, 124, 126, 130, 132, 133, 134, 135, 136, 140, 142, 144, 145, 148, 149, 151, 158, 159, 165, 168, 171, 172, 175, 179, 180, 182, 191, 192, 195, 199, 203, 205, 213, 215, 217, 224, 232, 240, 245, 247, 249, 251, 254, 255, 257, 267, 268, 270, 271, 275, 277, 279, 287, 288, 289, 296, 301, 304, 306, 312, 314, 315, 319, 322, 330, 336, 337, 344, 347, 348, 358, 365, 377, 378, 383, 384, 389, 395, 397} 634616
函数值是否为1: 1
最大度: 17
最小度: 4
近似算法近似比为: 0.6991093826818108
近似连通控制集: {1, 2, 7, 8, 9, 15, 18, 19, 21, 22, 23, 26, 28, 30, 31, 32, 33, 34, 35, 36, 37, 38, 39, 41, 44, 46, 47, 48, 49, 50, 51, 57, 61, 64, 66, 67, 68, 69, 75, 77, 79, 80, 81, 82, 86, 87, 89, 90, 91, 92, 93, 94, 95, 98, 99, 101, 103, 104, 106, 107, 108, 112, 114, 116, 118, 119, 120, 123, 126, 130, 137, 138, 140, 141, 142, 145, 150, 152, 154, 155, 156, 157, 160, 161, 164, 172, 173, 180, 182, 185, 186, 191, 194, 197, 198, 200, 201, 202, 203, 205, 207, 209, 212, 213, 217, 219, 221, 224, 226, 229, 232, 235, 236, 238, 241, 242, 243, 244, 246, 247, 251, 254, 255, 267, 269, 272, 274, 278, 282, 284, 287, 293, 296, 298, 299, 300, 311, 317, 321, 323, 324, 325, 326, 327, 329, 330, 331, 332, 333, 335, 339, 344, 345, 346, 349, 353, 354, 356, 360, 361, 363, 364, 365, 369, 370, 371, 374, 375, 379, 380, 381, 382, 388, 389, 390, 392, 393, 399} 463619
函数值是否为1: 1
最X个星状结构: 1 {198}
最X个星状结构: 2 {354}
最X个星状结构: 3 {200}
最X个星状结构: 4 {224}
最X个星状结构: 5 {185}
最X个星状结构: 6 {325}
最X个星状结构: 7 {31}
最X个星状结构: 8 {205}
最X个星状结构: 9 {95}
最X个星状结构: 10 {77}
之前提出的算法计算的连通控制集: {1, 2, 4, 5, 6, 7, 8, 9, 10, 12, 13, 14, 15, 16, 17, 19, 23, 24, 25, 29, 31, 32, 33, 35, 36, 37, 38, 39, 44, 45, 47, 48, 49, 50, 55, 57, 58, 59, 64, 66, 69, 72, 74, 75, 76, 77, 79, 80, 81, 82, 83, 84, 90, 93, 94, 95, 96, 98, 99, 102, 104, 106, 107, 114, 117, 118, 120, 123, 124, 127, 138, 139, 140, 141, 142, 148, 152, 154, 155, 156, 158, 161, 164, 166, 167, 171, 173, 175, 178, 183, 184, 185, 188, 189, 190, 191, 193, 195, 198, 199, 200, 203, 205, 206, 207, 209, 212, 214, 218, 220, 221, 223, 224, 225, 227, 228, 235, 239, 240, 244, 250, 251, 254, 255, 257, 262, 267, 269, 274, 280, 283, 287, 293, 296, 298, 303, 306, 312, 318, 325, 331, 332, 343, 354, 355, 356, 361, 366, 379, 381, 388, 395} 674355
函数值是否为1: 1
最大度: 17
最小度: 4
近似算法近似比为: 0.6874999073188454
近似连通控制集: {5, 7, 8, 11, 12, 14, 15, 20, 22, 23, 24, 26, 27, 28, 31, 35, 37, 38, 40, 48, 49, 50, 51, 53, 54, 60, 62, 68, 70, 71, 73, 75, 76, 79, 81, 85, 89, 90, 91, 92, 93, 98, 99, 100, 101, 102, 103, 104, 111, 112, 115, 116, 117, 119, 124, 126, 128, 134, 135, 136, 137, 139, 140, 141, 142, 144, 145, 148, 149, 150, 151, 152, 153, 154, 159, 164, 165, 166, 167, 168, 169, 171, 173, 174, 175, 177, 179, 185, 186, 190, 191, 200, 203, 204, 205, 206, 208, 210, 212, 214, 215, 216, 222, 224, 225, 226, 231, 233, 234, 240, 247, 248, 249, 252, 253, 254, 255, 259, 260, 261, 262, 267, 269, 270, 271, 273, 276, 277, 282, 284, 285, 286, 288, 290, 292, 296, 298, 300, 304, 305, 307, 309, 313, 315, 316, 317, 318, 324, 327, 331, 335, 339, 340, 341, 342, 344, 345, 346, 351, 353, 355, 357, 362, 363, 368, 369, 370, 373, 377, 379, 382, 384, 385, 386, 388, 392, 399} 459484
函数值是否为1: 1
最X个星状结构: 1 {271}
最X个星状结构: 2 {216}
最X个星状结构: 3 {316}
最X个星状结构: 4 {28}
最X个星状结构: 5 {313}
最X个星状结构: 6 {119}
最X个星状结构: 7 {15}
最X个星状结构: 8 {379}
最X个星状结构: 9 {339}
最X个星状结构: 10 {14}
最X个星状结构: 11 {355}
最X个星状结构: 12 {149}
之前提出的算法计算的连通控制集: {0, 1, 2, 6, 7, 9, 10, 14, 15, 17, 18, 21, 22, 23, 25, 26, 27, 28, 31, 32, 33, 36, 37, 38, 42, 48, 49, 51, 53, 55, 56, 57, 58, 62, 63, 65, 66, 67, 68, 69, 73, 74, 75, 76, 78, 79, 83, 87, 89, 94, 95, 96, 97, 99, 102, 103, 104, 105, 106, 108, 112, 115, 119, 122, 124, 128, 133, 134, 136, 139, 140, 141, 142, 144, 145, 148, 149, 150, 152, 154, 156, 160, 162, 163, 165, 168, 172, 173, 175, 177, 179, 181, 186, 189, 193, 195, 196, 199, 200, 201, 202, 209, 210, 211, 212, 215, 216, 218, 220, 221, 223, 224, 225, 234, 239, 243, 252, 257, 264, 271, 273, 281, 282, 287, 294, 296, 297, 298, 301, 304, 307, 309, 311, 312, 313, 316, 317, 319, 323, 324, 335, 339, 340, 343, 346, 354, 355, 367, 371, 373, 376, 378, 379, 382, 386, 387, 389} 751461
函数值是否为1: 1
最大度: 16
最小度: 4
近似算法近似比为: 0.6114542205117764
近似连通控制集: {2, 4, 5, 8, 9, 13, 16, 17, 19, 20, 21, 23, 24, 26, 27, 34, 35, 40, 41, 42, 43, 44, 48, 51, 53, 55, 56, 57, 60, 62, 63, 66, 67, 68, 69, 70, 73, 74, 75, 77, 80, 82, 84, 85, 86, 91, 92, 98, 99, 100, 102, 103, 104, 107, 110, 114, 115, 116, 117, 118, 119, 120, 121, 123, 130, 131, 133, 134, 142, 143, 144, 148, 151, 152, 153, 154, 157, 159, 162, 163, 164, 166, 167, 169, 170, 172, 173, 175, 177, 186, 187, 189, 190, 191, 193, 194, 197, 199, 203, 204, 209, 212, 214, 217, 218, 224, 228, 233, 235, 237, 240, 249, 250, 251, 252, 256, 257, 263, 264, 266, 272, 273, 276, 277, 278, 279, 281, 282, 284, 285, 287, 290, 294, 297, 298, 299, 301, 302, 303, 304, 305, 307, 309, 310, 311, 314, 317, 320, 333, 334, 335, 336, 339, 341, 343, 344, 345, 347, 349, 350, 351, 352, 354, 355, 356, 361, 365, 375, 378, 379, 381, 382, 383, 386, 388, 389, 392, 399} 474333
函数值是否为1: 1
最X个星状结构: 1 {284}
最X个星状结构: 2 {189}
最X个星状结构: 3 {263}
最X个星状结构: 4 {92}
之前提出的算法计算的连通控制集: {1, 2, 3, 4, 6, 7, 9, 11, 13, 15, 17, 18, 21, 23, 24, 25, 26, 27, 28, 29, 32, 33, 34, 35, 36, 41, 42, 43, 49, 51, 53, 54, 56, 57, 59, 60, 61, 62, 65, 66, 67, 68, 69, 71, 75, 76, 80, 82, 84, 86, 91, 92, 93, 94, 96, 98, 99, 101, 105, 106, 109, 111, 112, 113, 115, 118, 119, 120, 121, 122, 123, 124, 125, 126, 129, 131, 133, 136, 137, 138, 141, 143, 147, 149, 150, 152, 153, 154, 155, 157, 159, 162, 164, 166, 167, 168, 169, 170, 182, 183, 188, 189, 190, 194, 195, 198, 199, 200, 206, 208, 210, 213, 224, 226, 238, 243, 247, 252, 253, 258, 259, 261, 263, 265, 268, 279, 284, 288, 289, 294, 297, 299, 306, 310, 312, 317, 320, 323, 324, 332, 336, 345, 347, 350, 351, 370, 376} 688169
函数值是否为1: 1
最大度: 16
最小度: 4
近似算法近似比为: 0.6892681884827709
近似连通控制集: {3, 6, 7, 9, 10, 14, 15, 18, 20, 21, 22, 24, 25, 27, 28, 30, 31, 32, 33, 34, 35, 36, 39, 41, 43, 45, 46, 47, 48, 49, 50, 52, 58, 59, 60, 64, 65, 67, 68, 71, 72, 75, 78, 80, 81, 83, 85, 90, 97, 100, 102, 103, 105, 106, 107, 108, 110, 114, 115, 119, 126, 127, 132, 133, 135, 136, 137, 138, 140, 143, 144, 145, 147, 149, 151, 154, 155, 156, 158, 160, 163, 167, 168, 171, 172, 174, 175, 176, 177, 178, 182, 184, 185, 186, 189, 194, 196, 197, 198, 199, 200, 201, 202, 204, 209, 215, 218, 219, 223, 226, 227, 230, 231, 234, 237, 238, 240, 242, 244, 246, 248, 250, 251, 252, 256, 260, 261, 265, 272, 274, 275, 276, 277, 280, 281, 285, 286, 287, 288, 290, 293, 295, 297, 299, 301, 305, 308, 310, 315, 318, 319, 320, 323, 324, 325, 327, 329, 331, 336, 341, 342, 345, 347, 350, 355, 357, 358, 359, 360, 364, 368, 369, 370, 374, 375, 376, 378, 380, 390, 392, 396, 397} 480002
函数值是否为1: 1
最X个星状结构: 1 {189}
最X个星状结构: 2 {218}
最X个星状结构: 3 {234}
最X个星状结构: 4 {9}
最X个星状结构: 5 {45}
最X个星状结构: 6 {242}
之前提出的算法计算的连通控制集: {0, 3, 6, 9, 10, 14, 18, 21, 22, 23, 24, 27, 28, 29, 30, 32, 33, 35, 36, 37, 39, 43, 45, 50, 51, 52, 54, 55, 58, 65, 66, 67, 69, 71, 72, 73, 74, 75, 76, 79, 80, 83, 86, 88, 89, 90, 91, 92, 96, 97, 100, 104, 106, 107, 108, 111, 113, 115, 116, 117, 119, 120, 122, 123, 124, 125, 128, 130, 137, 138, 139, 141, 145, 148, 149, 150, 151, 154, 155, 156, 158, 159, 163, 166, 167, 168, 169, 174, 175, 180, 185, 187, 189, 192, 193, 195, 197, 198, 199, 201, 202, 206, 208, 209, 218, 221, 224, 226, 229, 230, 234, 237, 242, 246, 247, 250, 252, 253, 257, 265, 266, 274, 275, 278, 281, 286, 287, 288, 293, 304, 317, 327, 332, 335, 342, 347, 351, 357, 360, 361, 362, 376, 379, 388} 675215
函数值是否为1: 1
最大度: 17
最小度: 4
近似算法近似比为: 0.7108876431951304
近似连通控制集: {2, 3, 6, 7, 8, 9, 19, 21, 22, 28, 29, 30, 32, 33, 34, 36, 40, 43, 44, 46, 47, 53, 58, 61, 63, 65, 69, 70, 72, 74, 77, 78, 79, 80, 84, 86, 88, 89, 90, 91, 93, 97, 99, 102, 104, 105, 106, 108, 109, 110, 111, 114, 115, 116, 117, 121, 122, 124, 125, 127, 128, 129, 131, 133, 134, 136, 138, 142, 147, 151, 154, 159, 160, 163, 164, 167, 173, 176, 180, 181, 184, 187, 189, 190, 191, 192, 194, 199, 200, 201, 202, 206, 207, 209, 211, 212, 214, 220, 221, 223, 229, 232, 233, 237, 238, 240, 241, 242, 244, 245, 246, 248, 249, 254, 262, 265, 266, 267, 274, 276, 278, 279, 281, 282, 283, 287, 291, 292, 293, 295, 298, 300, 302, 304, 306, 313, 316, 319, 320, 323, 324, 326, 328, 332, 333, 343, 344, 347, 350, 351, 354, 355, 357, 358, 359, 360, 362, 364, 365, 368, 371, 375, 376, 377, 378, 382, 383, 387, 388, 390, 392, 393, 394, 398} 495262
函数值是否为1: 1
最X个星状结构: 1 {180}
最X个星状结构: 2 {105}
最X个星状结构: 3 {115}
最X个星状结构: 4 {232}
最X个星状结构: 5 {245}
最X个星状结构: 6 {90}
最X个星状结构: 7 {302}
之前提出的算法计算的连通控制集: {0, 1, 2, 3, 5, 6, 7, 8, 10, 11, 16, 17, 21, 22, 27, 28, 30, 31, 33, 34, 35, 36, 37, 38, 40, 42, 43, 44, 46, 47, 48, 49, 52, 53, 56, 58, 59, 61, 63, 66, 67, 68, 72, 73, 74, 78, 82, 83, 85, 86, 87, 88, 89, 90, 91, 92, 96, 98, 99, 100, 102, 105, 107, 108, 111, 112, 114, 115, 119, 120, 125, 128, 130, 132, 135, 141, 142, 143, 147, 149, 150, 153, 154, 155, 157, 158, 159, 160, 163, 164, 165, 166, 167, 172, 174, 175, 176, 179, 180, 181, 184, 185, 186, 187, 192, 193, 197, 198, 199, 201, 206, 211, 215, 216, 226, 228, 230, 232, 234, 235, 240, 241, 243, 245, 246, 256, 261, 262, 265, 266, 267, 276, 279, 284, 293, 295, 302, 320, 324, 328, 336, 339, 343, 348, 351, 360, 361, 362, 378, 386, 387, 392, 393, 394} 765419
函数值是否为1: 1
最大度: 16
最小度: 4
近似算法近似比为: 0.6470469115608575
近似连通控制集: {0, 2, 3, 12, 14, 15, 17, 18, 19, 21, 28, 29, 30, 37, 38, 41, 42, 53, 54, 55, 56, 57, 60, 62, 64, 65, 67, 69, 72, 76, 77, 78, 82, 85, 86, 87, 88, 90, 95, 96, 97, 99, 100, 103, 112, 114, 115, 119, 121, 122, 124, 127, 129, 131, 133, 137, 138, 140, 143, 144, 145, 146, 147, 151, 153, 154, 156, 158, 162, 164, 166, 171, 173, 174, 175, 176, 177, 180, 181, 183, 184, 185, 186, 188, 192, 194, 199, 201, 205, 206, 207, 211, 212, 218, 219, 221, 222, 226, 229, 231, 235, 236, 237, 238, 239, 240, 246, 248, 249, 250, 252, 255, 256, 257, 259, 260, 261, 262, 263, 264, 266, 273, 278, 281, 285, 291, 294, 295, 296, 302, 303, 304, 307, 309, 310, 311, 312, 313, 315, 316, 317, 319, 320, 321, 322, 324, 326, 328, 329, 333, 337, 338, 339, 347, 348, 350, 352, 353, 356, 358, 360, 361, 363, 368, 371, 374, 376, 377, 378, 380, 382, 383, 388, 389, 392, 395, 397, 398} 455856
函数值是否为1: 1
最X个星状结构: 1 {219}
最X个星状结构: 2 {257}
最X个星状结构: 3 {259}
最X个星状结构: 4 {397}
最X个星状结构: 5 {324}
最X个星状结构: 6 {255}
最X个星状结构: 7 {147}
之前提出的算法计算的连通控制集: {0, 2, 3, 4, 8, 9, 10, 13, 14, 15, 17, 18, 19, 20, 23, 24, 25, 26, 27, 28, 30, 31, 35, 36, 37, 38, 39, 41, 43, 46, 53, 54, 55, 57, 58, 60, 61, 64, 65, 67, 68, 69, 72, 73, 74, 75, 79, 80, 82, 84, 85, 86, 87, 89, 90, 92, 93, 94, 96, 97, 98, 100, 102, 103, 104, 105, 110, 111, 116, 118, 122, 125, 126, 128, 133, 134, 135, 136, 137, 143, 147, 155, 157, 159, 160, 161, 164, 166, 167, 169, 170, 171, 173, 174, 176, 177, 179, 180, 182, 185, 186, 192, 194, 195, 196, 198, 201, 206, 207, 211, 217, 218, 219, 222, 223, 226, 228, 240, 243, 249, 250, 252, 255, 256, 257, 259, 261, 274, 276, 284, 287, 295, 296, 301, 304, 307, 314, 321, 324, 325, 336, 339, 346, 350, 360, 367, 371, 380, 386, 397} 720474
函数值是否为1: 1
最大度: 17
最小度: 4
近似算法近似比为: 0.632716794776772
近似算法平均近似比为: 0.6729091716467683

近似连通控制集: {0, 1, 5, 7, 9, 10, 11, 12, 13, 17, 21, 22, 24, 26, 27, 31, 33, 35, 36, 37, 38, 39, 44, 46, 48, 49, 51, 52, 53, 55, 62, 64, 67, 69, 73, 75, 80, 83, 84, 86, 92, 93, 94, 96, 99, 100, 102, 103, 106, 108, 110, 111, 121, 125, 126, 127, 132, 134, 136, 137, 140, 141, 143, 146, 147, 148, 150, 152, 155, 156, 158, 160, 161, 162, 163, 167, 168, 169, 170, 171, 174, 176, 181, 183, 186, 189, 191, 193, 197, 198, 199, 202, 203, 204, 205, 208, 209, 211, 214, 217, 219, 220, 223, 224, 225, 226, 227, 229, 231, 234, 237, 238, 239, 242, 243, 244, 245, 246, 249, 250, 251, 252, 253, 254, 259, 260, 261, 265, 267, 271, 273, 275, 276, 278, 279, 280, 282, 283, 285, 289, 290, 294, 301, 302, 305, 307, 312, 313, 314, 318, 320, 321, 322, 325, 327, 329, 331, 332, 335, 336, 338, 341, 344, 345, 346, 355, 357, 358, 359, 362, 363, 364, 366, 368, 370, 373, 375, 380, 383, 384, 386, 389, 391, 392, 394, 395, 399, 400, 403, 404, 407, 413, 418, 421, 422, 425, 430, 435, 439, 445, 447, 448, 449, 451, 452, 455, 457, 460, 461, 462, 463, 464, 465, 466, 467, 468, 469, 477, 478, 479, 481, 482, 486, 489, 490, 491, 492, 493, 495, 497} 574736
函数值是否为1: 1
最X个星状结构: 1 {22}
最X个星状结构: 2 {150}
最X个星状结构: 3 {490}
最X个星状结构: 4 {83}
最X个星状结构: 5 {276}
最X个星状结构: 6 {486}
最X个星状结构: 7 {448}
最X个星状结构: 8 {252}
最X个星状结构: 9 {64}
最X个星状结构: 10 {132}
最X个星状结构: 11 {236}
之前提出的算法计算的连通控制集: {1, 6, 7, 8, 12, 13, 15, 17, 19, 21, 22, 23, 24, 26, 27, 29, 30, 31, 33, 34, 35, 36, 37, 39, 41, 42, 43, 46, 47, 48, 49, 50, 51, 53, 54, 55, 56, 57, 58, 59, 61, 62, 63, 64, 65, 66, 67, 68, 69, 72, 73, 74, 76, 79, 80, 82, 83, 85, 86, 87, 88, 90, 91, 92, 93, 96, 98, 101, 107, 108, 110, 111, 112, 115, 117, 120, 121, 124, 125, 126, 127, 129, 132, 133, 134, 136, 138, 140, 141, 142, 143, 147, 149, 150, 151, 152, 154, 155, 156, 158, 162, 164, 169, 171, 175, 176, 181, 183, 184, 185, 186, 191, 192, 193, 198, 199, 200, 202, 204, 206, 208, 209, 214, 217, 218, 219, 226, 228, 231, 235, 236, 237, 239, 246, 247, 248, 252, 259, 261, 264, 265, 266, 268, 273, 274, 275, 276, 279, 280, 285, 290, 294, 302, 306, 310, 311, 314, 315, 320, 322, 338, 341, 346, 351, 354, 355, 357, 358, 361, 368, 379, 384, 386, 389, 390, 392, 399, 401, 404, 409, 410, 423, 441, 445, 447, 448, 449, 450, 453, 457, 486, 490, 499} 836939
函数值是否为1: 1
最大度: 20
最小度: 4
近似算法近似比为: 0.6867119348005052
近似连通控制集: {2, 3, 4, 7, 8, 11, 12, 14, 17, 19, 22, 25, 27, 28, 31, 32, 33, 34, 35, 36, 40, 42, 45, 47, 48, 49, 50, 51, 52, 55, 57, 58, 59, 61, 62, 64, 65, 71, 76, 77, 78, 81, 84, 85, 87, 88, 89, 91, 93, 94, 95, 102, 104, 106, 107, 109, 111, 112, 113, 115, 116, 122, 128, 130, 132, 148, 150, 153, 154, 158, 159, 163, 166, 169, 172, 173, 175, 176, 177, 178, 179, 182, 183, 186, 187, 191, 193, 194, 195, 197, 200, 203, 205, 206, 208, 209, 210, 211, 212, 217, 218, 220, 222, 223, 224, 225, 226, 227, 233, 234, 237, 238, 239, 242, 243, 244, 245, 247, 248, 249, 250, 253, 254, 259, 260, 261, 264, 266, 267, 268, 269, 270, 274, 278, 279, 281, 283, 285, 287, 306, 310, 312, 313, 314, 315, 317, 321, 322, 324, 326, 328, 329, 332, 338, 339, 342, 343, 346, 347, 348, 350, 352, 353, 354, 357, 358, 359, 360, 361, 365, 367, 369, 370, 371, 372, 373, 374, 375, 376, 378, 381, 389, 390, 393, 397, 399, 400, 402, 404, 407, 408, 410, 411, 412, 413, 417, 418, 422, 426, 427, 428, 435, 448, 449, 450, 453, 456, 458, 459, 460, 469, 471, 474, 476, 480, 482, 483, 485, 487, 489, 490, 492, 493, 496, 499} 613026
函数值是否为1: 1
最X个星状结构: 1 {245}
最X个星状结构: 2 {205}
最X个星状结构: 3 {393}
最X个星状结构: 4 {48}
最X个星状结构: 5 {78}
最X个星状结构: 6 {2}
最X个星状结构: 7 {365}
最X个星状结构: 8 {480}
最X个星状结构: 9 {490}
最X个星状结构: 10 {482}
最X个星状结构: 11 {369}
之前提出的算法计算的连通控制集: {1, 2, 7, 8, 9, 11, 12, 13, 14, 15, 16, 17, 18, 19, 21, 22, 28, 30, 33, 34, 35, 36, 37, 38, 39, 41, 42, 43, 44, 46, 47, 48, 50, 51, 54, 56, 57, 62, 63, 64, 66, 68, 69, 71, 73, 77, 78, 79, 83, 84, 85, 86, 87, 88, 89, 90, 93, 94, 95, 96, 97, 98, 99, 102, 104, 111, 112, 116, 117, 119, 120, 121, 122, 123, 125, 126, 127, 128, 129, 132, 134, 138, 140, 142, 144, 145, 146, 148, 153, 160, 163, 169, 170, 171, 175, 178, 179, 180, 183, 184, 187, 188, 190, 194, 198, 200, 202, 203, 205, 207, 208, 209, 212, 217, 218, 220, 221, 222, 223, 233, 235, 237, 238, 239, 240, 243, 244, 245, 250, 252, 253, 254, 255, 263, 267, 268, 273, 276, 278, 286, 287, 295, 301, 306, 308, 309, 314, 315, 320, 321, 322, 328, 331, 333, 336, 341, 344, 346, 352, 355, 365, 367, 369, 370, 371, 373, 376, 387, 389, 393, 396, 399, 403, 407, 415, 419, 430, 444, 446, 447, 453, 470, 476, 480, 482, 483, 489, 490, 493, 495} 897526
函数值是否为1: 1
最大度: 17
最小度: 4
近似算法近似比为: 0.683017539324766
近似连通控制集: {1, 4, 6, 10, 11, 12, 13, 14, 17, 20, 23, 24, 27, 28, 31, 33, 35, 37, 41, 43, 47, 49, 51, 52, 53, 54, 55, 61, 63, 65, 67, 68, 69, 70, 73, 75, 77, 78, 80, 82, 88, 91, 93, 95, 98, 100, 101, 103, 106, 107, 108, 109, 111, 112, 113, 114, 117, 119, 120, 126, 127, 129, 131, 132, 136, 142, 144, 147, 150, 153, 155, 157, 158, 159, 160, 161, 163, 166, 167, 168, 174, 177, 179, 180, 183, 185, 188, 189, 191, 196, 198, 199, 201, 206, 209, 210, 212, 216, 220, 226, 228, 232, 233, 236, 237, 238, 239, 241, 243, 244, 246, 248, 251, 253, 255, 259, 260, 261, 263, 264, 266, 267, 268, 269, 271, 272, 274, 276, 279, 280, 282, 283, 287, 289, 295, 296, 297, 300, 303, 304, 305, 306, 307, 309, 310, 311, 313, 315, 317, 320, 321, 322, 323, 324, 325, 326, 329, 332, 334, 338, 340, 343, 344, 346, 347, 351, 354, 356, 360, 362, 363, 364, 370, 371, 372, 373, 375, 382, 388, 391, 393, 395, 396, 397, 398, 401, 402, 405, 406, 407, 408, 411, 412, 413, 414, 421, 422, 423, 425, 426, 428, 430, 432, 433, 435, 440, 442, 444, 457, 459, 460, 461, 465, 469, 471, 476, 478, 479, 482, 485, 489, 490, 494, 495} 597871
函数值是否为1: 1
最X个星状结构: 1 {111}
最X个星状结构: 2 {428}
最X个星状结构: 3 {43}
最X个星状结构: 4 {166}
最X个星状结构: 5 {489}
最X个星状结构: 6 {461}
最X个星状结构: 7 {263}
最X个星状结构: 8 {322}
之前提出的算法计算的连通控制集: {2, 4, 5, 6, 10, 11, 12, 16, 18, 19, 22, 24, 25, 28, 33, 34, 35, 36, 37, 40, 41, 43, 46, 48, 50, 51, 52, 53, 54, 55, 56, 57, 58, 59, 60, 62, 63, 65, 67, 70, 72, 73, 74, 75, 76, 78, 82, 87, 88, 91, 94, 95, 97, 100, 101, 103, 109, 110, 111, 112, 114, 115, 117, 118, 119, 120, 124, 126, 127, 129, 133, 135, 137, 138, 140, 142, 145, 146, 147, 152, 153, 155, 158, 160, 166, 167, 169, 171, 172, 174, 175, 177, 183, 184, 185, 188, 192, 193, 194, 196, 197, 198, 200, 204, 206, 208, 209, 211, 217, 219, 221, 223, 226, 228, 231, 232, 234, 237, 239, 242, 245, 255, 256, 263, 264, 268, 269, 272, 274, 279, 280, 281, 283, 284, 289, 292, 293, 298, 303, 304, 305, 307, 308, 309, 310, 320, 321, 322, 326, 330, 342, 343, 344, 349, 355, 356, 358, 362, 365, 368, 373, 377, 380, 382, 385, 396, 398, 402, 405, 411, 413, 417, 421, 422, 428, 440, 442, 446, 449, 452, 453, 461, 465, 481, 489} 850292
函数值是否为1: 1
最大度: 16
最小度: 4
近似算法近似比为: 0.7031360991282994
近似连通控制集: {1, 3, 4, 7, 8, 10, 14, 16, 18, 20, 22, 23, 27, 28, 29, 30, 31, 35, 36, 38, 40, 41, 42, 44, 46, 49, 52, 53, 54, 55, 56, 59, 60, 64, 65, 66, 69, 70, 72, 73, 74, 78, 79, 80, 83, 85, 86, 87, 88, 89, 94, 95, 96, 97, 98, 99, 102, 111, 113, 114, 115, 116, 119, 121, 123, 125, 128, 131, 133, 134, 135, 140, 143, 145, 146, 153, 154, 155, 158, 161, 162, 163, 165, 167, 172, 176, 178, 183, 185, 186, 187, 191, 194, 199, 200, 201, 202, 203, 205, 207, 208, 210, 212, 214, 217, 219, 222, 223, 229, 230, 234, 237, 238, 239, 242, 244, 249, 251, 253, 255, 256, 258, 261, 262, 265, 272, 273, 275, 276, 278, 281, 285, 286, 288, 289, 290, 292, 293, 296, 301, 302, 304, 311, 312, 313, 315, 317, 322, 323, 329, 331, 333, 336, 337, 343, 344, 347, 350, 354, 355, 359, 360, 363, 364, 365, 367, 369, 370, 372, 374, 375, 376, 378, 379, 380, 381, 383, 391, 394, 397, 399, 400, 401, 403, 404, 406, 414, 415, 416, 417, 419, 421, 422, 424, 426, 428, 434, 436, 438, 440, 441, 442, 449, 455, 457, 458, 464, 468, 469, 470, 471, 472, 474, 477, 478, 482, 486, 487, 493, 494, 498, 499} 614236
函数值是否为1: 1
最X个星状结构: 1 {167}
最X个星状结构: 2 {89}
最X个星状结构: 3 {125}
最X个星状结构: 4 {262}
最X个星状结构: 5 {415}
最X个星状结构: 6 {378}
最X个星状结构: 7 {337}
最X个星状结构: 8 {477}
最X个星状结构: 9 {172}
最X个星状结构: 10 {186}
最X个星状结构: 11 {234}
最X个星状结构: 12 {406}
最X个星状结构: 13 {304}
最X个星状结构: 14 {383}
最X个星状结构: 15 {354}
最X个星状结构: 16 {212}
最X个星状结构: 17 {472}
之前提出的算法计算的连通控制集: {1, 7, 8, 10, 11, 12, 13, 14, 17, 18, 19, 22, 27, 29, 30, 32, 33, 35, 36, 38, 41, 44, 46, 49, 50, 51, 52, 53, 55, 59, 63, 69, 70, 71, 72, 73, 74, 75, 76, 77, 78, 79, 80, 82, 83, 85, 88, 89, 90, 94, 95, 96, 98, 99, 100, 103, 104, 111, 114, 115, 116, 117, 119, 125, 131, 134, 135, 137, 138, 142, 143, 145, 146, 147, 151, 153, 156, 157, 158, 159, 160, 162, 163, 164, 165, 167, 169, 170, 172, 174, 181, 182, 186, 188, 191, 193, 194, 196, 197, 198, 199, 200, 201, 202, 207, 208, 209, 210, 212, 213, 216, 218, 221, 222, 227, 228, 229, 234, 238, 241, 242, 243, 247, 249, 250, 251, 253, 254, 262, 268, 270, 273, 276, 277, 278, 280, 283, 289, 295, 297, 298, 300, 301, 303, 304, 308, 310, 312, 314, 316, 320, 325, 327, 337, 341, 344, 349, 350, 354, 356, 361, 369, 371, 378, 379, 380, 382, 383, 396, 404, 406, 410, 411, 414, 415, 417, 422, 424, 425, 426, 427, 428, 437, 445, 447, 449, 455, 459, 462, 463, 468, 472, 477, 481, 496} 898056
函数值是否为1: 1
最大度: 18
最小度: 4
近似算法近似比为: 0.6839618019366276
近似连通控制集: {0, 5, 6, 8, 9, 10, 13, 14, 15, 16, 17, 19, 26, 30, 34, 37, 40, 45, 48, 52, 55, 56, 58, 60, 62, 63, 65, 66, 67, 69, 71, 76, 79, 80, 82, 84, 86, 87, 93, 95, 100, 102, 106, 108, 113, 115, 117, 119, 120, 124, 128, 135, 136, 137, 139, 140, 141, 142, 144, 145, 147, 149, 150, 152, 153, 156, 157, 159, 160, 167, 168, 171, 172, 174, 175, 183, 187, 192, 198, 203, 206, 210, 213, 218, 219, 221, 222, 226, 228, 229, 230, 235, 236, 237, 239, 241, 243, 247, 248, 249, 250, 252, 253, 254, 255, 256, 258, 259, 262, 265, 268, 271, 276, 278, 279, 280, 287, 289, 290, 291, 292, 296, 298, 303, 307, 308, 314, 315, 316, 317, 320, 321, 323, 324, 327, 333, 334, 335, 336, 337, 338, 339, 342, 345, 347, 349, 350, 352, 353, 354, 356, 364, 371, 372, 373, 376, 380, 384, 385, 389, 392, 393, 394, 398, 401, 402, 403, 405, 407, 413, 414, 417, 418, 421, 423, 426, 427, 429, 430, 433, 436, 437, 441, 442, 444, 445, 446, 447, 450, 452, 459, 462, 463, 464, 466, 468, 470, 473, 474, 476, 478, 479, 480, 481, 482, 486, 488, 490, 492, 495, 496} 614493
函数值是否为1: 1
最X个星状结构: 1 {289}
最X个星状结构: 2 {373}
最X个星状结构: 3 {218}
最X个星状结构: 4 {354}
最X个星状结构: 5 {371}
最X个星状结构: 6 {468}
最X个星状结构: 7 {364}
最X个星状结构: 8 {335}
最X个星状结构: 9 {236}
最X个星状结构: 10 {347}
最X个星状结构: 11 {446}
之前提出的算法计算的连通控制集: {1, 3, 5, 8, 9, 11, 12, 14, 15, 18, 19, 20, 21, 26, 27, 30, 32, 35, 37, 38, 39, 41, 44, 47, 53, 55, 57, 58, 62, 65, 66, 67, 69, 71, 72, 73, 74, 76, 77, 79, 80, 81, 82, 86, 87, 88, 89, 91, 93, 95, 96, 97, 98, 99, 102, 105, 106, 110, 112, 113, 114, 115, 116, 118, 121, 122, 123, 124, 126, 127, 128, 129, 130, 132, 134, 139, 140, 147, 153, 155, 159, 160, 164, 166, 167, 168, 170, 171, 172, 173, 174, 180, 181, 183, 186, 187, 188, 189, 192, 196, 197, 201, 203, 204, 207, 209, 210, 212, 215, 217, 218, 219, 221, 226, 227, 232, 235, 236, 237, 239, 240, 246, 249, 251, 252, 254, 257, 262, 265, 271, 272, 273, 274, 275, 276, 280, 282, 284, 287, 289, 291, 292, 297, 298, 300, 302, 304, 305, 306, 309, 321, 324, 327, 333, 334, 335, 336, 339, 341, 347, 350, 354, 360, 363, 364, 365, 371, 373, 376, 383, 384, 390, 406, 407, 408, 410, 416, 423, 428, 430, 434, 441, 446, 453, 460, 468, 478, 496} 964021
函数值是否为1: 1
最大度: 19
最小度: 4
近似算法近似比为: 0.6374269855117264
近似连通控制集: {0, 3, 4, 6, 7, 9, 12, 15, 16, 17, 22, 23, 26, 27, 29, 31, 32, 35, 36, 41, 42, 45, 46, 47, 48, 49, 51, 53, 56, 57, 58, 63, 66, 68, 69, 71, 72, 74, 75, 76, 79, 81, 82, 86, 87, 89, 90, 93, 99, 100, 103, 104, 107, 108, 109, 111, 114, 115, 118, 122, 126, 127, 130, 131, 132, 134, 135, 136, 137, 141, 146, 148, 149, 150, 156, 159, 161, 165, 166, 169, 170, 171, 172, 183, 185, 186, 187, 188, 189, 190, 196, 197, 198, 199, 201, 203, 204, 205, 206, 211, 212, 213, 214, 217, 218, 220, 221, 222, 223, 227, 232, 233, 234, 235, 237, 238, 239, 240, 242, 244, 245, 250, 251, 254, 257, 260, 264, 265, 268, 271, 273, 275, 277, 278, 279, 281, 283, 286, 290, 291, 298, 299, 304, 310, 315, 316, 318, 320, 322, 325, 326, 327, 328, 329, 332, 333, 335, 342, 343, 346, 350, 351, 355, 358, 359, 364, 367, 368, 371, 372, 373, 375, 378, 379, 380, 383, 385, 386, 388, 389, 395, 406, 407, 408, 411, 413, 414, 415, 416, 418, 423, 425, 426, 428, 432, 435, 438, 439, 440, 443, 445, 446, 450, 456, 463, 465, 467, 468, 469, 470, 477, 479, 480, 483, 486, 494, 498} 593061
函数值是否为1: 1
最X个星状结构: 1 {298}
最X个星状结构: 2 {265}
最X个星状结构: 3 {438}
最X个星状结构: 4 {126}
最X个星状结构: 5 {329}
最X个星状结构: 6 {327}
最X个星状结构: 7 {372}
最X个星状结构: 8 {406}
最X个星状结构: 9 {326}
最X个星状结构: 10 {380}
之前提出的算法计算的连通控制集: {0, 3, 8, 9, 10, 12, 13, 15, 16, 17, 18, 20, 21, 22, 23, 24, 25, 27, 28, 29, 30, 31, 32, 34, 35, 36, 38, 39, 41, 44, 46, 47, 48, 51, 55, 56, 57, 60, 62, 63, 66, 67, 68, 69, 70, 74, 75, 76, 78, 81, 82, 84, 87, 89, 90, 91, 93, 95, 96, 97, 98, 99, 102, 103, 106, 108, 109, 112, 113, 114, 115, 116, 117, 121, 126, 127, 128, 129, 130, 132, 134, 135, 136, 137, 139, 144, 146, 148, 150, 152, 159, 162, 169, 175, 181, 183, 184, 186, 187, 188, 189, 196, 198, 199, 202, 204, 205, 206, 223, 224, 225, 228, 232, 233, 235, 236, 238, 240, 243, 246, 247, 248, 249, 251, 253, 255, 257, 259, 260, 261, 265, 270, 271, 272, 273, 275, 278, 286, 287, 289, 291, 292, 293, 298, 303, 326, 327, 329, 330, 332, 339, 348, 350, 352, 353, 357, 361, 365, 367, 372, 375, 376, 380, 381, 384, 385, 388, 390, 400, 403, 406, 407, 414, 425, 435, 438, 444, 446, 456, 460, 466, 469, 481, 483, 484, 493} 895793
函数值是否为1: 1
最大度: 20
最小度: 4
近似算法近似比为: 0.6620513891044024
近似连通控制集: {0, 1, 5, 14, 16, 20, 25, 26, 30, 31, 32, 34, 35, 36, 39, 44, 46, 47, 48, 49, 51, 52, 53, 56, 57, 62, 71, 73, 74, 75, 77, 78, 79, 80, 82, 84, 85, 86, 89, 90, 91, 93, 97, 98, 99, 100, 101, 103, 105, 106, 109, 112, 116, 117, 119, 120, 123, 124, 128, 133, 135, 138, 139, 140, 141, 144, 147, 148, 152, 159, 162, 164, 167, 171, 173, 178, 179, 182, 183, 184, 185, 187, 188, 189, 190, 203, 204, 205, 206, 212, 215, 222, 227, 228, 230, 231, 232, 234, 235, 236, 239, 242, 243, 245, 246, 249, 251, 252, 256, 258, 265, 266, 270, 271, 272, 273, 274, 276, 281, 282, 283, 284, 286, 288, 289, 291, 292, 294, 295, 302, 303, 305, 306, 307, 310, 311, 317, 318, 319, 321, 322, 323, 324, 325, 326, 328, 329, 330, 331, 336, 337, 338, 339, 341, 343, 345, 346, 347, 348, 349, 350, 351, 354, 357, 359, 361, 363, 365, 368, 369, 373, 375, 376, 377, 378, 379, 382, 383, 390, 393, 394, 403, 404, 406, 408, 409, 410, 411, 412, 413, 415, 417, 419, 423, 424, 425, 428, 429, 432, 433, 435, 438, 443, 447, 451, 452, 454, 456, 458, 461, 463, 468, 473, 476, 478, 479, 482, 483, 487, 488, 491, 495, 497} 553654
函数值是否为1: 1
最X个星状结构: 1 {265}
最X个星状结构: 2 {272}
最X个星状结构: 3 {239}
最X个星状结构: 4 {310}
最X个星状结构: 5 {435}
最X个星状结构: 6 {231}
最X个星状结构: 7 {377}
最X个星状结构: 8 {281}
最X个星状结构: 9 {48}
最X个星状结构: 10 {105}
最X个星状结构: 11 {101}
最X个星状结构: 12 {171}
之前提出的算法计算的连通控制集: {0, 1, 3, 5, 7, 12, 13, 17, 18, 19, 20, 21, 23, 26, 28, 29, 30, 35, 36, 40, 41, 43, 45, 46, 48, 50, 51, 52, 54, 55, 56, 57, 58, 59, 60, 62, 63, 64, 65, 68, 69, 75, 76, 77, 78, 79, 80, 81, 82, 84, 85, 86, 91, 97, 98, 100, 101, 104, 105, 109, 113, 115, 116, 117, 118, 120, 122, 123, 124, 125, 126, 127, 128, 131, 132, 135, 137, 138, 141, 142, 148, 150, 152, 156, 158, 160, 161, 162, 164, 165, 169, 170, 171, 173, 174, 179, 182, 185, 186, 187, 188, 189, 191, 193, 194, 195, 204, 208, 215, 219, 221, 222, 223, 224, 227, 231, 234, 235, 238, 239, 242, 243, 244, 250, 252, 256, 265, 267, 272, 273, 274, 281, 282, 283, 285, 289, 291, 295, 296, 299, 300, 305, 310, 311, 314, 318, 325, 329, 330, 331, 336, 338, 339, 344, 346, 347, 348, 358, 360, 365, 366, 369, 371, 375, 377, 378, 390, 398, 399, 408, 410, 411, 413, 415, 434, 435, 437, 438, 439, 442, 443, 445, 448, 452, 458, 472, 497} 826813
函数值是否为1: 1
最大度: 18
最小度: 4
近似算法近似比为: 0.6696242076503394
近似连通控制集: {1, 6, 7, 8, 9, 10, 13, 15, 18, 19, 22, 23, 24, 25, 29, 30, 31, 33, 37, 38, 45, 49, 51, 54, 56, 59, 60, 62, 64, 65, 66, 68, 69, 71, 76, 78, 79, 82, 85, 87, 89, 90, 92, 93, 94, 95, 96, 98, 99, 100, 102, 103, 106, 107, 109, 111, 113, 115, 116, 121, 124, 127, 132, 137, 138, 140, 141, 144, 145, 151, 152, 153, 154, 158, 161, 162, 163, 165, 171, 172, 173, 174, 175, 177, 181, 182, 188, 189, 190, 193, 194, 199, 201, 204, 206, 209, 210, 214, 216, 217, 219, 220, 221, 222, 223, 224, 226, 230, 235, 240, 241, 243, 247, 251, 256, 260, 263, 264, 265, 268, 271, 272, 278, 279, 282, 284, 285, 286, 288, 289, 290, 293, 295, 296, 298, 299, 300, 302, 305, 309, 316, 318, 322, 323, 325, 327, 328, 332, 337, 339, 342, 343, 344, 348, 350, 351, 352, 353, 357, 358, 364, 366, 368, 371, 374, 375, 378, 381, 382, 384, 386, 389, 395, 396, 397, 400, 407, 410, 411, 414, 416, 417, 418, 423, 424, 426, 429, 431, 432, 433, 434, 436, 438, 440, 441, 442, 443, 448, 451, 453, 454, 455, 456, 457, 461, 463, 464, 466, 467, 468, 473, 481, 482, 486, 487, 488, 489, 490, 491, 492, 494, 497} 604797
函数值是否为1: 1
最X个星状结构: 1 {64}
最X个星状结构: 2 {219}
最X个星状结构: 3 {353}
最X个星状结构: 4 {468}
最X个星状结构: 5 {9}
最X个星状结构: 6 {374}
最X个星状结构: 7 {95}
最X个星状结构: 8 {490}
最X个星状结构: 9 {397}
最X个星状结构: 10 {378}
最X个星状结构: 11 {323}
最X个星状结构: 12 {264}
最X个星状结构: 13 {199}
最X个星状结构: 14 {220}
最X个星状结构: 15 {180}
最X个星状结构: 16 {363}
之前提出的算法计算的连通控制集: {0, 7, 8, 9, 12, 14, 15, 18, 20, 21, 22, 25, 27, 31, 33, 35, 37, 38, 40, 41, 42, 44, 46, 49, 54, 60, 63, 64, 65, 68, 71, 72, 73, 75, 82, 84, 85, 87, 89, 90, 91, 92, 93, 94, 95, 96, 97, 99, 100, 101, 102, 103, 106, 107, 112, 113, 114, 115, 122, 126, 127, 128, 129, 130, 131, 132, 133, 135, 138, 139, 144, 145, 146, 147, 148, 152, 153, 154, 158, 160, 163, 171, 172, 177, 178, 179, 180, 181, 182, 186, 187, 189, 190, 191, 193, 194, 196, 198, 199, 200, 203, 204, 207, 209, 215, 217, 219, 220, 221, 223, 226, 228, 232, 234, 237, 240, 241, 242, 243, 252, 254, 256, 257, 259, 260, 261, 264, 267, 269, 271, 275, 276, 277, 279, 281, 282, 284, 286, 289, 291, 297, 298, 306, 310, 319, 321, 323, 325, 327, 330, 334, 338, 339, 342, 343, 348, 350, 351, 352, 353, 354, 356, 363, 365, 368, 374, 375, 377, 378, 388, 389, 395, 397, 401, 412, 414, 417, 427, 438, 439, 440, 445, 453, 455, 458, 461, 466, 468, 477, 484, 489, 490, 492, 493} 930345
函数值是否为1: 1
最大度: 16
最小度: 4
近似算法近似比为: 0.6500781967979621
近似连通控制集: {4, 5, 10, 14, 16, 21, 22, 25, 28, 33, 34, 36, 37, 39, 41, 46, 48, 49, 52, 55, 56, 57, 58, 61, 62, 63, 65, 68, 69, 70, 71, 76, 77, 79, 80, 81, 82, 84, 85, 86, 90, 93, 94, 98, 99, 100, 102, 103, 106, 110, 113, 114, 116, 127, 133, 134, 135, 137, 138, 145, 146, 147, 148, 149, 151, 154, 156, 158, 160, 163, 168, 169, 172, 173, 174, 178, 181, 182, 184, 186, 187, 188, 191, 194, 195, 202, 204, 205, 209, 215, 216, 220, 221, 223, 227, 229, 232, 233, 236, 239, 243, 244, 247, 249, 253, 254, 257, 260, 264, 265, 266, 267, 268, 270, 273, 274, 275, 277, 279, 280, 281, 283, 285, 287, 290, 294, 295, 298, 304, 308, 311, 312, 314, 315, 316, 317, 320, 322, 327, 328, 329, 331, 335, 340, 341, 344, 345, 352, 353, 354, 356, 357, 358, 362, 364, 366, 367, 369, 374, 380, 382, 383, 388, 389, 390, 394, 396, 398, 400, 401, 402, 403, 404, 406, 407, 411, 413, 415, 417, 419, 420, 424, 429, 431, 433, 435, 436, 439, 442, 444, 445, 446, 449, 451, 455, 456, 460, 464, 465, 468, 470, 471, 474, 475, 476, 478, 480, 481, 482, 484, 485, 486, 487, 490, 492, 496, 498, 499} 569255
函数值是否为1: 1
最X个星状结构: 1 {298}
最X个星状结构: 2 {110}
最X个星状结构: 3 {236}
最X个星状结构: 4 {182}
最X个星状结构: 5 {243}
最X个星状结构: 6 {156}
最X个星状结构: 7 {195}
最X个星状结构: 8 {56}
最X个星状结构: 9 {134}
最X个星状结构: 10 {257}
最X个星状结构: 11 {290}
最X个星状结构: 12 {401}
最X个星状结构: 13 {314}
最X个星状结构: 14 {160}
之前提出的算法计算的连通控制集: {0, 1, 6, 9, 12, 13, 16, 18, 21, 23, 24, 28, 29, 30, 31, 32, 33, 35, 38, 39, 40, 41, 43, 46, 47, 49, 51, 55, 56, 57, 58, 59, 60, 61, 63, 64, 65, 68, 69, 70, 71, 72, 74, 75, 76, 80, 81, 83, 84, 86, 87, 88, 89, 91, 92, 93, 94, 100, 101, 104, 105, 107, 108, 110, 111, 115, 116, 124, 125, 126, 127, 129, 130, 132, 134, 137, 138, 140, 144, 145, 146, 150, 151, 154, 155, 156, 157, 160, 161, 164, 168, 172, 173, 179, 181, 182, 184, 186, 187, 188, 190, 192, 193, 194, 195, 196, 197, 198, 199, 202, 204, 205, 212, 213, 215, 218, 219, 220, 223, 225, 226, 228, 231, 234, 236, 237, 239, 241, 243, 248, 253, 256, 257, 259, 261, 265, 266, 267, 268, 269, 270, 275, 280, 282, 283, 287, 290, 294, 295, 298, 303, 309, 314, 315, 319, 328, 329, 331, 333, 334, 335, 339, 349, 350, 351, 352, 357, 368, 375, 377, 379, 380, 381, 397, 399, 401, 402, 403, 406, 409, 421, 424, 431, 432, 435, 448, 454, 456, 458, 462, 481, 499} 904617
函数值是否为1: 1
最大度: 18
最小度: 4
近似算法近似比为: 0.6292773626849816
近似连通控制集: {1, 3, 4, 5, 9, 13, 14, 15, 17, 19, 20, 24, 28, 30, 31, 35, 38, 39, 40, 46, 49, 52, 53, 54, 56, 59, 61, 63, 65, 68, 69, 72, 75, 77, 79, 80, 83, 85, 88, 89, 91, 92, 95, 96, 99, 102, 104, 107, 108, 111, 115, 116, 117, 119, 120, 123, 125, 132, 134, 136, 137, 138, 140, 144, 145, 147, 150, 153, 154, 155, 156, 157, 158, 161, 163, 164, 166, 173, 174, 175, 177, 180, 182, 184, 186, 189, 191, 192, 197, 198, 201, 202, 205, 208, 211, 214, 215, 220, 222, 225, 228, 230, 231, 232, 233, 235, 236, 242, 244, 249, 251, 252, 253, 258, 261, 262, 264, 265, 266, 268, 269, 276, 279, 280, 281, 283, 284, 286, 287, 289, 290, 292, 293, 294, 295, 296, 297, 298, 299, 301, 305, 307, 309, 311, 314, 315, 318, 319, 320, 325, 327, 330, 333, 336, 339, 343, 345, 349, 351, 355, 361, 362, 368, 369, 370, 372, 377, 383, 384, 385, 386, 387, 389, 390, 391, 393, 394, 398, 399, 402, 403, 404, 405, 408, 414, 418, 419, 422, 424, 426, 427, 428, 429, 431, 432, 435, 436, 438, 439, 440, 441, 442, 445, 446, 447, 448, 449, 450, 454, 455, 456, 458, 459, 461, 462, 463, 467, 468, 472, 474, 476, 482, 493, 494, 497, 499} 662655
函数值是否为1: 1
最X个星状结构: 1 {386}
最X个星状结构: 2 {436}
最X个星状结构: 3 {281}
最X个星状结构: 4 {432}
最X个星状结构: 5 {463}
最X个星状结构: 6 {349}
最X个星状结构: 7 {17}
最X个星状结构: 8 {422}
最X个星状结构: 9 {454}
最X个星状结构: 10 {399}
之前提出的算法计算的连通控制集: {0, 1, 4, 5, 6, 12, 13, 14, 15, 17, 18, 19, 20, 21, 23, 24, 25, 28, 29, 32, 35, 36, 37, 39, 40, 42, 44, 46, 47, 49, 53, 54, 55, 56, 57, 58, 59, 60, 61, 63, 64, 68, 72, 73, 74, 75, 76, 77, 78, 79, 80, 81, 84, 86, 88, 89, 90, 95, 97, 99, 100, 102, 104, 106, 111, 112, 113, 115, 120, 121, 122, 126, 127, 128, 129, 131, 132, 137, 138, 139, 140, 143, 144, 146, 147, 148, 150, 151, 152, 154, 157, 160, 163, 166, 168, 170, 174, 177, 178, 180, 181, 182, 183, 186, 187, 188, 192, 194, 196, 197, 200, 202, 204, 215, 219, 220, 222, 223, 224, 225, 226, 230, 231, 232, 233, 239, 246, 247, 250, 252, 255, 258, 259, 261, 262, 263, 265, 268, 270, 272, 273, 274, 277, 278, 281, 283, 286, 287, 289, 290, 300, 309, 312, 318, 321, 330, 332, 336, 342, 344, 349, 359, 366, 367, 371, 378, 379, 380, 386, 387, 397, 398, 399, 420, 422, 427, 428, 432, 436, 438, 442, 450, 452, 454, 457, 460, 463, 465, 481, 483, 484, 488} 955813
函数值是否为1: 1
最大度: 17
最小度: 4
近似算法近似比为: 0.6932893777339292
近似算法平均近似比为: 0.669857489467354