14
1                 8             3                       1
1                 20             3                       1
1                 23             3                       2
1                 40             1                       8
1                 64             4                       3
1                 67             1                       4
1                 81             2                       1
1                 84             1                       1
1                 87             0                       4
1                 88             4                       6
2                 28             0                       8
2                 29             0                       2
2                 34             2                       1
2                 38             1                       7
2                 42             1                       9
2                 44             1                       8
2                 47             2                       10
2                 56             1                       5
2                 59             4                       5
2                 79             4                       1
3                 9             0                       5
3                 13             1                       8
3                 30             0                       3
3                 31             0                       8
3                 35             2                       1
3                 38             3                       8
3                 39             3                       8
3                 44             1                       9
3                 59             0                       8
3                 78             4                       6
4                 4             4                       1
4                 6             2                       9
4                 7             0                       1
4                 42             1                       10
4                 43             1                       10
4                 54             4                       4
4                 57             2                       6
4                 60             2                       8
4                 68             4                       1
4                 86             1                       7
5                 2             0                       5
5                 7             0                       2
5                 10             2                       8
5                 14             2                       6
5                 20             1                       6
5                 26             0                       4
5                 34             1                       6
5                 44             1                       1
5                 45             1                       9
5                 73             3                       1
6                 2             0                       10
6                 3             0                       8
6                 19             0                       8
6                 21             2                       3
6                 39             3                       1
6                 42             4                       1
6                 49             1                       1
6                 64             0                       7
6                 65             2                       7
6                 79             4                       3
7                 16             4                       4
7                 28             4                       1
7                 36             1                       7
7                 48             4                       5
7                 59             2                       9
7                 81             2                       2
7                 82             1                       5
7                 83             2                       1
7                 86             4                       6
7                 90             1                       1
8                 10             3                       5
8                 41             4                       3
8                 54             2                       8
8                 65             4                       8
8                 72             4                       1
8                 89             3                       10
8                 90             4                       4
8                 93             1                       7
8                 96             2                       2
8                 100             2                       7
9                 1             2                       1
9                 14             0                       2
9                 17             2                       5
9                 29             1                       1
9                 32             4                       4
9                 44             1                       10
9                 50             3                       7
9                 57             3                       4
9                 66             3                       1
9                 72             1                       7
10                 4             1                       5
10                 24             3                       1
10                 26             2                       1
10                 32             2                       10
10                 58             0                       3
10                 63             2                       2
10                 64             4                       4
10                 74             1                       3
10                 79             1                       8
10                 88             4                       2
11                 1             2                       8
11                 3             1                       1
11                 8             1                       8
11                 10             1                       6
11                 34             1                       9
11                 45             4                       1
11                 53             4                       3
11                 65             0                       2
11                 78             4                       1
11                 80             2                       8
12                 1             4                       3
12                 11             0                       5
12                 19             0                       6
12                 23             0                       6
12                 43             0                       9
12                 46             2                       1
12                 63             1                       5
12                 65             2                       3
12                 69             2                       8
12                 72             2                       9
13                 17             4                       6
13                 20             1                       8
13                 22             0                       2
13                 27             4                       1
13                 30             1                       5
13                 31             3                       1
13                 46             1                       8
13                 71             0                       6
13                 76             1                       1
13                 77             4                       1
14                 3             2                       9
14                 40             2                       1
14                 76             1                       2
14                 78             0                       2
14                 87             1                       5
14                 95             4                       2
14                 96             2                       9
14                 98             0                       8
14                 99             2                       3
14                 100             3                       5
15                 15             4                       4
15                 40             4                       2
15                 42             2                       2
15                 49             1                       8
15                 50             4                       3
15                 58             1                       1
15                 69             1                       3
15                 70             3                       1
15                 78             3                       3
15                 94             2                       5
16                 2             2                       3
16                 21             1                       7
16                 31             0                       9
16                 42             1                       3
16                 45             1                       2
16                 49             1                       7
16                 53             4                       6
16                 54             3                       1
16                 56             3                       1
16                 67             2                       8
17                 3             0                       2
17                 7             1                       3
17                 12             4                       5
17                 14             3                       7
17                 19             1                       1
17                 28             2                       4
17                 41             4                       5
17                 49             2                       3
17                 52             4                       2
17                 54             2                       2
18                 33             2                       1
18                 36             1                       8
18                 75             2                       1
18                 82             2                       1
18                 85             2                       1
18                 86             2                       9
18                 88             1                       9
18                 93             1                       9
18                 95             4                       3
18                 97             0                       3
19                 15             0                       6
19                 16             0                       7
19                 18             3                       1
19                 20             2                       2
19                 29             3                       10
19                 39             2                       9
19                 40             4                       7
19                 51             2                       1
19                 62             1                       7
19                 66             3                       3
20                 13             0                       3
20                 19             3                       2
20                 21             2                       4
20                 27             0                       4
20                 28             1                       7
20                 30             2                       4
20                 37             0                       8
20                 42             4                       4
20                 54             2                       5
20                 60             3                       4
21                 6             4                       6
21                 8             0                       9
21                 14             3                       3
21                 22             2                       1
21                 32             0                       8
21                 38             2                       10
21                 80             4                       3
21                 90             0                       5
21                 91             0                       9
21                 98             1                       9
22                 20             4                       9
22                 28             0                       2
22                 31             4                       10
22                 55             4                       2
22                 63             0                       9
22                 75             0                       4
22                 78             2                       5
22                 87             1                       8
22                 92             3                       1
22                 95             2                       8
23                 2             4                       1
23                 18             0                       4
23                 21             0                       10
23                 33             4                       2
23                 37             1                       1
23                 74             2                       1
23                 75             4                       6
23                 76             0                       5
23                 79             0                       6
23                 92             0                       6
24                 3             3                       3
24                 12             3                       6
24                 21             0                       1
24                 35             4                       2
24                 72             0                       10
24                 92             2                       7
24                 94             0                       6
24                 97             1                       1
24                 99             0                       4
24                 100             4                       1
25                 6             3                       1
25                 9             4                       1
25                 30             2                       9
25                 48             3                       8
25                 53             1                       1
25                 55             2                       8
25                 62             1                       8
25                 64             0                       1
25                 83             3                       8
25                 88             1                       7
26                 7             0                       9
26                 10             4                       7
26                 12             1                       10
26                 23             4                       7
26                 43             3                       1
26                 61             0                       3
26                 70             3                       2
26                 71             4                       1
26                 73             4                       2
26                 80             2                       9
27                 1             1                       4
27                 2             2                       6
27                 22             3                       6
27                 35             0                       10
27                 66             1                       8
27                 67             1                       5
27                 91             2                       4
27                 95             3                       5
27                 97             3                       10
27                 98             4                       4
28                 23             3                       1
28                 43             0                       2
28                 45             2                       3
28                 53             0                       4
28                 60             0                       6
28                 61             0                       8
28                 70             0                       7
28                 91             0                       1
28                 93             1                       1
28                 95             3                       6
29                 38             1                       9
29                 48             3                       4
29                 60             2                       7
29                 62             1                       9
29                 67             3                       6
29                 76             0                       6
29                 79             1                       4
29                 82             0                       6
29                 89             2                       8
29                 97             2                       6
30                 6             3                       7
30                 9             0                       10
30                 13             1                       9
30                 20             3                       7
30                 29             3                       4
30                 49             0                       4
30                 59             2                       1
30                 80             3                       6
30                 86             3                       3
30                 93             1                       8
31                 14             1                       1
31                 17             4                       3
31                 19             2                       7
31                 23             3                       9
31                 25             0                       9
31                 60             3                       1
31                 62             2                       3
31                 67             1                       1
31                 76             0                       3
31                 83             4                       2
32                 15             4                       2
32                 17             4                       7
32                 37             4                       2
32                 39             1                       2
32                 65             2                       4
32                 77             0                       7
32                 85             1                       2
32                 89             0                       5
32                 90             3                       2
32                 92             3                       4
33                 1             4                       9
33                 5             3                       2
33                 24             1                       7
33                 25             0                       8
33                 27             1                       5
33                 30             0                       1
33                 36             4                       3
33                 44             3                       2
33                 65             2                       5
33                 68             0                       7
34                 1             0                       5
34                 6             1                       2
34                 8             3                       3
34                 26             3                       5
34                 52             3                       8
34                 54             4                       9
34                 56             3                       6
34                 62             1                       4
34                 63             1                       3
34                 67             3                       9
35                 3             0                       4
35                 5             2                       8
35                 13             2                       4
35                 16             2                       2
35                 20             4                       3
35                 23             1                       8
35                 29             4                       5
35                 42             1                       6
35                 43             2                       3
35                 55             1                       9
36                 25             2                       1
36                 50             2                       1
36                 55             4                       4
36                 75             4                       7
36                 90             4                       8
36                 92             0                       5
36                 97             4                       8
36                 98             1                       1
36                 99             4                       5
36                 100             1                       2
37                 14             1                       8
37                 15             3                       7
37                 16             1                       3
37                 48             3                       9
37                 51             0                       4
37                 58             4                       4
37                 63             4                       1
37                 64             1                       8
37                 65             1                       1
37                 75             4                       8
38                 7             0                       10
38                 10             2                       2
38                 23             2                       4
38                 28             3                       9
38                 31             4                       2
38                 42             3                       8
38                 47             2                       1
38                 55             4                       5
38                 57             3                       1
38                 66             1                       4
39                 10             4                       3
39                 14             1                       4
39                 17             1                       8
39                 18             4                       5
39                 41             4                       6
39                 50             3                       4
39                 56             3                       7
39                 57             4                       5
39                 60             0                       2
39                 82             3                       2
40                 5             2                       3
40                 26             0                       2
40                 38             1                       2
40                 39             4                       5
40                 44             3                       3
40                 45             1                       5
40                 46             1                       2
40                 52             2                       3
40                 72             4                       6
40                 83             4                       6
41                 19             3                       3
41                 24             3                       5
41                 38             2                       3
41                 58             4                       7
41                 59             2                       6
41                 62             2                       5
41                 68             0                       8
41                 73             0                       9
41                 87             2                       1
41                 89             1                       3
42                 13             3                       10
42                 28             1                       5
42                 45             1                       10
42                 48             4                       6
42                 71             2                       2
42                 81             2                       10
42                 84             4                       5
42                 90             4                       9
42                 91             0                       5
42                 92             3                       8
43                 22             4                       7
43                 40             2                       5
43                 51             2                       2
43                 58             4                       8
43                 64             3                       2
43                 68             4                       2
43                 89             0                       1
43                 91             2                       2
43                 96             4                       5
43                 97             1                       4
44                 23             4                       10
44                 26             0                       6
44                 39             1                       6
44                 43             0                       7
44                 52             1                       6
44                 69             3                       4
44                 82             2                       3
44                 96             4                       6
44                 98             4                       10
44                 99             2                       1
45                 1             3                       7
45                 22             3                       8
45                 24             0                       8
45                 33             2                       3
45                 44             1                       4
45                 54             4                       10
45                 59             1                       4
45                 70             4                       3
45                 71             0                       8
45                 78             0                       4
46                 1             4                       10
46                 21             1                       8
46                 33             0                       6
46                 48             0                       1
46                 66             4                       2
46                 68             4                       5
46                 86             1                       8
46                 88             3                       8
46                 89             1                       4
46                 95             4                       7
47                 4             3                       3
47                 16             1                       5
47                 26             2                       3
47                 30             3                       7
47                 31             0                       3
47                 34             4                       2
47                 43             2                       8
47                 51             4                       5
47                 73             4                       5
47                 74             1                       7
48                 8             2                       6
48                 9             1                       8
48                 13             2                       5
48                 14             3                       5
48                 48             2                       7
48                 54             0                       6
48                 56             1                       8
48                 66             4                       9
48                 86             0                       1
48                 87             3                       6
49                 11             2                       6
49                 24             1                       3
49                 28             1                       6
49                 38             0                       1
49                 46             0                       4
49                 57             0                       2
49                 59             4                       10
49                 76             2                       8
49                 84             2                       8
49                 85             0                       4
50                 7             4                       4
50                 16             4                       8
50                 20             1                       5
50                 32             0                       1
50                 35             2                       4
50                 57             0                       3
50                 78             0                       7
50                 79             3                       2
50                 88             1                       3
50                 93             4                       2
51                 6             1                       3
51                 15             1                       9
51                 19             0                       9
51                 29             3                       6
51                 47             2                       4
51                 55             2                       6
51                 60             4                       5
51                 61             3                       9
51                 63             3                       7
51                 68             1                       6
52                 18             2                       6
52                 29             3                       7
52                 34             3                       3
52                 41             4                       7
52                 43             1                       4
52                 56             2                       2
52                 71             1                       4
52                 81             4                       5
52                 85             1                       8
52                 91             4                       3
53                 13             1                       6
53                 14             4                       10
53                 21             4                       2
53                 41             4                       1
53                 46             3                       9
53                 50             0                       2
53                 54             0                       7
53                 70             2                       5
53                 71             4                       9
53                 73             3                       6
54                 11             3                       3
54                 35             0                       5
54                 41             3                       8
54                 79             4                       9
54                 82             1                       4
54                 92             2                       2
54                 94             1                       1
54                 95             3                       9
54                 97             2                       7
54                 98             4                       2
55                 7             4                       5
55                 19             4                       10
55                 31             1                       5
55                 60             4                       9
55                 65             3                       6
55                 67             2                       7
55                 76             2                       9
55                 80             3                       7
55                 84             4                       3
55                 85             0                       6
56                 16             3                       1
56                 40             4                       9
56                 46             0                       3
56                 53             3                       7
56                 61             4                       7
56                 69             2                       9
56                 82             4                       9
56                 93             2                       3
56                 94             1                       9
56                 96             2                       10
57                 7             0                       6
57                 18             3                       7
57                 22             4                       4
57                 47             3                       5
57                 49             3                       5
57                 51             3                       7
57                 53             4                       8
57                 61             4                       1
57                 64             4                       9
57                 73             3                       10
58                 12             0                       1
58                 15             2                       5
58                 17             4                       1
58                 33             2                       7
58                 40             1                       6
58                 46             2                       6
58                 66             4                       10
58                 73             2                       4
58                 83             0                       3
58                 88             1                       4
59                 9             0                       2
59                 16             2                       9
59                 24             4                       10
59                 49             3                       9
59                 59             3                       2
59                 66             2                       5
59                 72             0                       2
59                 77             4                       2
59                 80             4                       4
59                 81             0                       6
60                 4             4                       8
60                 8             0                       7
60                 11             4                       7
60                 16             4                       10
60                 25             4                       2
60                 26             2                       8
60                 51             3                       8
60                 58             3                       9
60                 63             1                       6
60                 81             3                       8
61                 4             1                       6
61                 14             3                       9
61                 23             2                       5
61                 27             1                       2
61                 51             2                       9
61                 70             1                       4
61                 75             4                       9
61                 76             1                       4
61                 79             2                       5
61                 87             2                       2
62                 18             3                       8
62                 24             0                       2
62                 27             2                       6
62                 30             4                       10
62                 31             4                       4
62                 34             0                       4
62                 37             4                       3
62                 38             1                       4
62                 43             4                       5
62                 45             4                       4
63                 10             4                       9
63                 21             3                       9
63                 23             1                       3
63                 24             3                       4
63                 25             3                       3
63                 28             0                       10
63                 49             4                       10
63                 56             3                       3
63                 60             4                       10
63                 68             0                       3
64                 17             2                       9
64                 18             3                       9
64                 21             1                       5
64                 35             2                       6
64                 36             0                       9
64                 51             0                       3
64                 63             3                       8
64                 64             2                       6
64                 73             1                       3
64                 85             4                       10
65                 5             3                       4
65                 33             2                       8
65                 37             2                       6
65                 50             3                       8
65                 67             2                       2
65                 69             2                       5
65                 72             0                       3
65                 77             4                       8
65                 83             0                       5
65                 84             3                       7
66                 18             3                       10
66                 33             1                       5
66                 39             4                       4
66                 47             4                       6
66                 50             3                       5
66                 52             1                       9
66                 58             1                       10
66                 74             2                       8
66                 81             1                       3
66                 84             4                       9
67                 2             1                       7
67                 6             2                       4
67                 32             0                       5
67                 35             3                       8
67                 53             1                       9
67                 72             1                       4
67                 74             4                       2
67                 77             1                       6
67                 96             3                       8
67                 100             3                       3
68                 4             0                       9
68                 5             2                       5
68                 20             1                       4
68                 34             4                       10
68                 36             0                       1
68                 40             3                       10
68                 61             2                       6
68                 62             2                       6
68                 63             4                       10
68                 69             4                       6
69                 2             2                       2
69                 35             3                       9
69                 58             2                       5
69                 61             4                       10
69                 84             0                       4
69                 86             0                       2
69                 92             1                       3
69                 98             1                       5
69                 99             4                       7
69                 100             3                       8
70                 9             0                       3
70                 13             1                       1
70                 18             3                       2
70                 20             4                       10
70                 33             0                       10
70                 36             2                       4
70                 38             1                       5
70                 41             4                       2
70                 83             4                       9
70                 86             1                       4
71                 10             2                       4
71                 15             3                       8
71                 16             2                       6
71                 25             0                       7
71                 29             3                       8
71                 30             4                       6
71                 42             2                       7
71                 47             0                       7
71                 56             3                       9
71                 71             3                       3
72                 29             3                       3
72                 45             3                       6
72                 49             0                       2
72                 61             1                       4
72                 68             4                       9
72                 89             2                       2
72                 94             1                       2
72                 95             0                       1
72                 96             0                       1
72                 97             1                       2
73                 1             2                       2
73                 9             3                       6
73                 12             0                       2
73                 48             0                       2
73                 65             3                       9
73                 77             0                       3
73                 90             3                       6
73                 93             2                       4
73                 94             0                       3
73                 97             3                       9
74                 6             0                       8
74                 7             3                       8
74                 8             1                       4
74                 39             1                       3
74                 46             3                       10
74                 51             4                       10
74                 70             4                       9
74                 71             3                       7
74                 72             3                       5
74                 75             0                       3
75                 6             3                       10
75                 10             3                       10
75                 85             3                       5
75                 88             3                       10
75                 89             3                       6
75                 91             1                       6
75                 93             1                       5
75                 96             1                       3
75                 99             2                       8
75                 100             2                       6
76                 9             1                       4
76                 13             0                       2
76                 17             4                       10
76                 34             3                       7
76                 36             4                       2
76                 53             1                       5
76                 54             0                       3
76                 77             0                       4
76                 78             4                       8
76                 80             2                       10
77                 5             2                       9
77                 26             2                       7
77                 57             0                       7
77                 59             0                       7
77                 70             2                       6
77                 86             3                       5
77                 87             4                       9
77                 89             4                       9
77                 91             3                       8
77                 99             1                       6
78                 15             1                       3
78                 40             1                       3
78                 48             1                       3
78                 52             1                       4
78                 58             0                       2
78                 73             0                       7
78                 82             1                       7
78                 83             0                       10
78                 84             0                       2
78                 87             4                       10
79                 37             4                       9
79                 55             3                       7
79                 64             1                       5
79                 75             4                       5
79                 84             1                       10
79                 91             4                       10
79                 93             1                       6
79                 96             1                       4
79                 97             0                       5
79                 98             0                       3
80                 5             2                       1
80                 28             3                       3
80                 31             1                       6
80                 55             0                       1
80                 79             3                       7
80                 81             3                       9
80                 94             1                       7
80                 95             1                       10
80                 99             4                       9
80                 100             0                       10
81                 4             0                       2
81                 11             1                       8
81                 31             0                       7
81                 32             2                       2
81                 37             2                       7
81                 40             1                       4
81                 55             2                       10
81                 77             0                       9
81                 89             2                       7
81                 92             3                       9
82                 17             4                       4
82                 25             4                       10
82                 34             2                       5
82                 37             0                       5
82                 46             0                       7
82                 58             2                       6
82                 74             4                       9
82                 80             1                       2
82                 82             4                       10
82                 90             3                       7
83                 4             3                       7
83                 5             1                       6
83                 11             4                       9
83                 12             2                       3
83                 19             0                       4
83                 27             1                       7
83                 32             2                       6
83                 44             4                       5
83                 61             1                       2
83                 63             2                       4
84                 2             3                       8
84                 3             3                       6
84                 4             2                       4
84                 7             1                       7
84                 9             3                       9
84                 11             4                       10
84                 33             0                       4
84                 35             0                       7
84                 39             4                       10
84                 50             4                       6
85                 22             4                       9
85                 27             0                       10
85                 32             3                       9
85                 43             1                       6
85                 44             1                       6
85                 47             2                       8
85                 56             1                       10
85                 70             1                       10
85                 71             4                       10
85                 74             4                       4
86                 5             2                       7
86                 35             2                       3
86                 39             3                       7
86                 52             1                       5
86                 66             3                       6
86                 74             4                       10
86                 78             3                       9
86                 81             0                       7
86                 90             0                       3
86                 91             2                       7
87                 3             2                       7
87                 26             3                       9
87                 30             1                       2
87                 37             0                       10
87                 41             2                       9
87                 46             3                       5
87                 47             1                       2
87                 77             3                       5
87                 85             2                       7
87                 88             0                       1
88                 15             3                       1
88                 22             2                       3
88                 24             2                       6
88                 27             1                       8
88                 33             0                       9
88                 47             2                       9
88                 50             4                       9
88                 57             2                       10
88                 68             0                       4
88                 72             3                       8
89                 12             0                       7
89                 27             0                       3
89                 34             3                       8
89                 50             4                       10
89                 59             0                       3
89                 64             1                       10
89                 69             2                       2
89                 73             3                       8
89                 84             2                       6
89                 94             0                       4
90                 4             4                       10
90                 5             4                       10
90                 27             2                       9
90                 36             4                       10
90                 45             3                       7
90                 52             4                       7
90                 53             3                       10
90                 57             3                       8
90                 62             2                       10
90                 82             3                       8
91                 11             3                       1
91                 25             0                       4
91                 36             1                       5
91                 41             2                       10
91                 69             4                       10
91                 77             0                       10
91                 83             0                       4
91                 90             3                       10
91                 94             4                       10
91                 99             0                       2
92                 6             4                       5
92                 11             4                       2
92                 30             3                       8
92                 37             0                       4
92                 53             0                       2
92                 69             0                       1
92                 75             3                       2
92                 78             0                       10
92                 80             4                       5
92                 83             3                       7
93                 10             3                       1
93                 12             3                       8
93                 13             1                       7
93                 22             4                       10
93                 52             4                       10
93                 56             1                       4
93                 68             1                       10
93                 74             3                       5
93                 80             0                       1
93                 98             1                       6
94                 3             3                       10
94                 9             2                       7
94                 15             2                       10
94                 18             2                       3
94                 70             0                       8
94                 79             0                       10
94                 85             0                       3
94                 93             4                       10
94                 99             4                       10
94                 100             1                       4
95                 2             3                       9
95                 8             1                       5
95                 12             2                       9
95                 41             3                       4
95                 55             1                       3
95                 65             3                       10
95                 76             0                       7
95                 87             3                       7
95                 95             2                       4
95                 98             0                       7
96                 3             0                       5
96                 21             1                       6
96                 24             2                       9
96                 29             2                       9
96                 32             3                       3
96                 42             1                       5
96                 45             3                       8
96                 61             1                       5
96                 62             0                       1
96                 67             2                       3
97                 22             4                       5
97                 25             1                       5
97                 26             3                       10
97                 38             2                       6
97                 52             0                       1
97                 86             4                       10
97                 88             3                       5
97                 94             0                       8
97                 96             1                       7
97                 100             1                       9
98                 8             2                       2
98                 32             2                       7
98                 36             1                       6
98                 44             1                       7
98                 48             4                       10
98                 49             1                       6
98                 62             0                       2
98                 66             3                       7
98                 85             3                       9
98                 92             4                       10
99                 8             4                       10
99                 11             2                       4
99                 47             1                       3
99                 51             0                       6
99                 60             0                       3
99                 67             4                       10
99                 71             0                       5
99                 75             3                       10
99                 76             2                       10
99                 87             4                       3
100                 1             2                       6
100                 2             1                       4
100                 12             0                       4
100                 17             1                       2
100                 19             0                       5
100                 25             1                       6
100                 57             3                       9
100                 69             2                       7
100                 74             3                       6
100                 81             1                       4