14
1                 8             0                       8
1                 36             1                       4
1                 41             0                       6
1                 50             1                       1
1                 54             3                       4
1                 62             3                       1
1                 76             2                       7
1                 81             0                       3
1                 85             4                       4
1                 95             0                       4
2                 11             0                       7
2                 14             0                       8
2                 15             0                       5
2                 26             1                       7
2                 30             3                       2
2                 37             1                       6
2                 73             2                       1
2                 74             0                       9
2                 84             2                       1
2                 88             2                       1
3                 1             1                       6
3                 6             3                       9
3                 10             3                       2
3                 14             3                       3
3                 27             1                       1
3                 40             2                       7
3                 57             1                       7
3                 59             2                       2
3                 75             3                       2
3                 85             1                       10
4                 4             0                       3
4                 9             0                       10
4                 18             0                       8
4                 23             2                       7
4                 31             2                       7
4                 42             1                       1
4                 46             1                       9
4                 49             2                       1
4                 57             1                       9
4                 77             4                       1
5                 9             4                       1
5                 12             1                       3
5                 15             3                       6
5                 28             1                       7
5                 41             1                       7
5                 57             0                       1
5                 62             3                       8
5                 66             1                       4
5                 84             3                       4
5                 88             0                       5
6                 21             0                       8
6                 26             2                       3
6                 47             2                       1
6                 65             1                       3
6                 69             3                       4
6                 70             2                       1
6                 74             1                       1
6                 78             3                       10
6                 80             3                       7
6                 89             1                       10
7                 20             1                       7
7                 33             2                       1
7                 35             4                       4
7                 47             4                       2
7                 54             0                       7
7                 62             4                       5
7                 65             2                       8
7                 74             0                       3
7                 84             1                       5
7                 86             2                       7
8                 1             3                       2
8                 7             1                       6
8                 13             0                       5
8                 19             0                       5
8                 31             2                       8
8                 32             0                       5
8                 71             3                       5
8                 72             2                       1
8                 83             4                       2
8                 85             0                       8
9                 6             2                       3
9                 30             4                       3
9                 32             2                       1
9                 37             4                       3
9                 50             1                       9
9                 59             4                       8
9                 63             1                       8
9                 64             4                       4
9                 66             1                       1
9                 68             2                       4
10                 17             2                       8
10                 31             0                       9
10                 34             1                       9
10                 68             3                       1
10                 75             3                       3
10                 76             4                       4
10                 77             4                       3
10                 86             4                       4
10                 90             0                       9
10                 97             3                       5
11                 3             4                       7
11                 24             0                       7
11                 31             4                       1
11                 34             3                       10
11                 36             0                       2
11                 45             4                       1
11                 58             4                       4
11                 66             0                       2
11                 69             0                       7
11                 77             2                       7
12                 8             2                       9
12                 9             2                       7
12                 11             0                       8
12                 14             2                       1
12                 18             0                       4
12                 28             2                       10
12                 50             1                       2
12                 53             0                       6
12                 69             1                       8
12                 82             0                       5
13                 6             2                       1
13                 15             2                       1
13                 29             0                       8
13                 30             2                       5
13                 45             0                       9
13                 47             1                       8
13                 56             3                       8
13                 64             3                       7
13                 69             3                       9
13                 77             0                       4
14                 10             1                       7
14                 12             4                       4
14                 22             4                       3
14                 48             0                       8
14                 68             2                       8
14                 72             1                       8
14                 84             4                       9
14                 90             1                       7
14                 95             1                       1
14                 98             4                       1
15                 4             4                       1
15                 5             0                       5
15                 23             4                       2
15                 45             2                       4
15                 58             1                       8
15                 81             3                       5
15                 88             4                       2
15                 92             2                       1
15                 93             1                       1
15                 95             3                       2
16                 3             1                       8
16                 13             2                       1
16                 26             4                       4
16                 30             3                       6
16                 43             2                       5
16                 49             0                       9
16                 51             1                       6
16                 65             2                       1
16                 73             1                       2
16                 90             2                       4
17                 26             1                       6
17                 60             1                       1
17                 66             4                       5
17                 82             3                       4
17                 89             0                       7
17                 96             1                       1
17                 97             0                       8
17                 98             3                       2
17                 99             3                       10
17                 100             0                       4
18                 3             0                       4
18                 15             2                       4
18                 18             1                       1
18                 48             0                       6
18                 51             3                       3
18                 54             1                       8
18                 63             2                       2
18                 73             2                       10
18                 80             1                       4
18                 87             3                       1
19                 1             3                       1
19                 13             2                       2
19                 18             1                       7
19                 34             0                       6
19                 42             2                       2
19                 44             4                       5
19                 56             4                       3
19                 59             2                       5
19                 78             4                       7
19                 81             3                       6
20                 1             1                       7
20                 13             0                       6
20                 33             0                       6
20                 51             3                       5
20                 68             3                       5
20                 74             4                       6
20                 76             3                       5
20                 97             3                       1
20                 99             1                       6
20                 100             2                       1
21                 5             0                       6
21                 6             0                       4
21                 43             4                       1
21                 52             3                       6
21                 64             3                       1
21                 66             2                       6
21                 76             2                       8
21                 81             1                       1
21                 82             2                       1
21                 88             0                       6
22                 6             4                       8
22                 16             2                       3
22                 20             0                       9
22                 37             4                       7
22                 42             0                       7
22                 74             1                       4
22                 84             4                       10
22                 85             0                       1
22                 86             4                       5
22                 94             0                       6
23                 5             3                       1
23                 18             4                       9
23                 21             0                       3
23                 39             2                       2
23                 41             2                       8
23                 44             0                       9
23                 51             2                       7
23                 65             4                       2
23                 66             4                       8
23                 79             3                       9
24                 1             2                       5
24                 2             1                       1
24                 4             0                       9
24                 29             3                       1
24                 36             2                       3
24                 62             1                       6
24                 66             2                       9
24                 75             4                       6
24                 83             1                       9
24                 89             2                       1
25                 22             0                       6
25                 24             3                       1
25                 26             0                       1
25                 35             2                       1
25                 39             4                       1
25                 83             0                       10
25                 86             1                       2
25                 92             1                       2
25                 96             2                       5
25                 99             4                       7
26                 7             3                       5
26                 10             2                       3
26                 20             3                       3
26                 32             0                       9
26                 95             4                       8
26                 96             1                       2
26                 97             4                       9
26                 98             1                       5
26                 99             0                       5
26                 100             0                       6
27                 22             4                       7
27                 25             1                       9
27                 27             2                       2
27                 46             4                       1
27                 51             4                       9
27                 61             0                       7
27                 72             0                       6
27                 73             4                       5
27                 82             3                       10
27                 91             0                       6
28                 12             3                       7
28                 29             4                       3
28                 58             2                       9
28                 60             2                       3
28                 64             3                       8
28                 68             4                       6
28                 69             1                       2
28                 83             3                       4
28                 88             2                       7
28                 89             0                       8
29                 8             4                       6
29                 21             1                       1
29                 30             3                       7
29                 31             1                       3
29                 44             4                       1
29                 54             0                       5
29                 67             3                       2
29                 70             0                       4
29                 73             3                       8
29                 81             2                       7
30                 15             2                       7
30                 16             1                       7
30                 20             1                       8
30                 23             4                       3
30                 25             3                       1
30                 53             4                       7
30                 75             2                       5
30                 77             2                       5
30                 82             4                       6
30                 93             0                       4
31                 17             2                       9
31                 24             1                       2
31                 30             4                       9
31                 31             4                       10
31                 36             2                       8
31                 37             4                       4
31                 43             4                       2
31                 45             1                       5
31                 49             2                       2
31                 61             4                       8
32                 6             0                       2
32                 8             2                       3
32                 9             1                       8
32                 11             3                       1
32                 15             1                       8
32                 28             2                       3
32                 32             1                       6
32                 46             2                       2
32                 52             4                       4
32                 55             2                       1
33                 2             4                       2
33                 4             2                       2
33                 6             2                       5
33                 8             4                       1
33                 10             1                       6
33                 21             1                       6
33                 30             1                       10
33                 32             0                       7
33                 54             1                       6
33                 57             0                       2
34                 4             3                       5
34                 16             0                       8
34                 18             3                       5
34                 23             4                       4
34                 40             0                       8
34                 42             2                       3
34                 76             1                       1
34                 90             4                       5
34                 91             3                       4
34                 94             0                       9
35                 17             1                       3
35                 32             2                       8
35                 34             4                       7
35                 43             4                       7
35                 57             0                       8
35                 62             1                       2
35                 63             3                       3
35                 69             3                       3
35                 75             3                       7
35                 78             2                       1
36                 9             3                       2
36                 13             2                       7
36                 21             4                       9
36                 75             3                       10
36                 89             1                       4
36                 94             1                       3
36                 97             2                       6
36                 98             1                       7
36                 99             3                       8
36                 100             4                       7
37                 13             0                       8
37                 21             4                       10
37                 26             3                       8
37                 34             3                       1
37                 50             3                       3
37                 52             4                       7
37                 59             1                       6
37                 63             1                       6
37                 79             3                       1
37                 90             4                       1
38                 11             1                       9
38                 12             0                       1
38                 32             3                       2
38                 39             2                       8
38                 40             0                       3
38                 47             1                       3
38                 53             3                       5
38                 55             1                       7
38                 58             3                       5
38                 60             1                       4
39                 9             3                       9
39                 18             1                       6
39                 30             1                       8
39                 41             0                       1
39                 47             0                       9
39                 51             0                       1
39                 60             1                       5
39                 67             2                       9
39                 80             3                       1
39                 81             4                       8
40                 28             0                       4
40                 33             4                       7
40                 39             4                       9
40                 52             4                       8
40                 61             4                       6
40                 62             4                       9
40                 71             0                       8
40                 72             4                       7
40                 76             3                       9
40                 86             1                       3
41                 20             3                       4
41                 26             0                       2
41                 27             0                       6
41                 34             0                       2
41                 37             2                       8
41                 47             1                       4
41                 52             1                       9
41                 62             2                       4
41                 78             2                       2
41                 80             3                       2
42                 22             4                       4
42                 24             0                       3
42                 25             2                       6
42                 34             0                       3
42                 37             4                       9
42                 47             4                       10
42                 55             2                       3
42                 67             2                       3
42                 71             4                       1
42                 83             3                       7
43                 2             2                       5
43                 14             1                       5
43                 16             1                       9
43                 26             4                       9
43                 39             3                       5
43                 42             3                       9
43                 51             3                       4
43                 59             0                       1
43                 96             0                       3
43                 99             0                       1
44                 32             1                       3
44                 38             1                       7
44                 40             3                       4
44                 43             4                       8
44                 52             4                       2
44                 54             1                       1
44                 69             3                       1
44                 83             2                       5
44                 85             1                       2
44                 87             3                       2
45                 7             4                       1
45                 14             4                       9
45                 19             3                       8
45                 29             2                       4
45                 38             2                       5
45                 51             0                       2
45                 66             2                       3
45                 68             4                       9
45                 90             0                       2
45                 98             3                       6
46                 2             1                       10
46                 7             3                       7
46                 11             3                       6
46                 31             3                       4
46                 33             0                       8
46                 37             1                       1
46                 41             4                       4
46                 53             0                       1
46                 57             3                       3
46                 60             0                       6
47                 8             3                       7
47                 9             1                       3
47                 18             4                       2
47                 34             2                       5
47                 35             0                       5
47                 39             1                       3
47                 50             0                       4
47                 62             4                       10
47                 64             1                       5
47                 76             2                       10
48                 38             0                       1
48                 44             0                       6
48                 58             3                       10
48                 68             4                       2
48                 71             3                       9
48                 78             0                       4
48                 79             4                       6
48                 86             3                       8
48                 88             2                       3
48                 93             2                       8
49                 5             2                       7
49                 16             3                       1
49                 35             1                       3
49                 42             0                       6
49                 46             2                       6
49                 58             4                       3
49                 67             0                       1
49                 69             2                       10
49                 73             3                       9
49                 80             1                       5
50                 24             0                       8
50                 25             4                       3
50                 43             2                       9
50                 44             0                       2
50                 75             0                       1
50                 78             3                       8
50                 90             3                       8
50                 91             2                       1
50                 93             2                       5
50                 96             0                       6
51                 3             0                       1
51                 7             0                       2
51                 43             2                       10
51                 44             2                       3
51                 47             0                       7
51                 78             0                       5
51                 79             2                       10
51                 80             4                       6
51                 87             1                       6
51                 91             0                       5
52                 2             3                       6
52                 11             0                       2
52                 13             4                       10
52                 15             0                       2
52                 21             3                       4
52                 52             4                       1
52                 55             0                       8
52                 80             4                       8
52                 83             2                       6
52                 84             2                       6
53                 1             3                       8
53                 5             2                       3
53                 9             3                       5
53                 19             2                       1
53                 20             0                       1
53                 25             0                       2
53                 40             3                       1
53                 60             3                       9
53                 79             1                       3
53                 92             0                       4
54                 8             2                       4
54                 9             1                       4
54                 20             1                       5
54                 44             2                       7
54                 55             0                       2
54                 56             4                       6
54                 59             2                       3
54                 64             4                       6
54                 74             2                       7
54                 76             1                       2
55                 24             0                       6
55                 27             0                       3
55                 46             0                       10
55                 53             3                       10
55                 68             2                       3
55                 73             0                       6
55                 85             2                       6
55                 86             0                       1
55                 94             3                       4
55                 95             0                       6
56                 25             0                       7
56                 34             4                       4
56                 39             3                       6
56                 40             2                       5
56                 48             3                       1
56                 49             4                       3
56                 56             2                       9
56                 73             0                       4
56                 81             3                       9
56                 84             2                       8
57                 12             4                       8
57                 14             4                       2
57                 33             2                       9
57                 53             1                       8
57                 56             1                       7
57                 86             2                       9
57                 96             1                       7
57                 98             4                       8
57                 99             3                       4
57                 100             4                       8
58                 25             3                       5
58                 29             2                       5
58                 38             2                       2
58                 49             1                       5
58                 50             1                       5
58                 57             2                       6
58                 72             1                       3
58                 89             3                       5
58                 93             3                       6
58                 96             0                       4
59                 10             3                       8
59                 23             4                       8
59                 36             4                       5
59                 38             0                       6
59                 48             1                       2
59                 62             3                       3
59                 67             4                       4
59                 70             2                       2
59                 79             0                       7
59                 91             3                       8
60                 11             3                       10
60                 21             3                       7
60                 36             1                       1
60                 46             1                       3
60                 67             4                       10
60                 70             4                       10
60                 71             4                       10
60                 87             3                       3
60                 89             2                       2
60                 92             4                       3
61                 2             0                       3
61                 4             2                       6
61                 7             2                       8
61                 14             4                       10
61                 22             1                       8
61                 24             0                       4
61                 28             3                       8
61                 29             3                       6
61                 34             3                       8
61                 39             4                       4
62                 1             0                       9
62                 11             2                       3
62                 19             0                       2
62                 44             2                       10
62                 64             1                       2
62                 77             2                       2
62                 85             2                       7
62                 87             1                       7
62                 90             1                       10
62                 91             1                       2
63                 33             4                       10
63                 40             4                       9
63                 42             0                       4
63                 61             4                       1
63                 71             2                       6
63                 75             1                       4
63                 83             4                       1
63                 97             0                       7
63                 98             0                       9
63                 100             0                       9
64                 5             3                       4
64                 13             2                       9
64                 18             4                       10
64                 55             1                       9
64                 56             4                       10
64                 70             2                       5
64                 77             4                       8
64                 83             1                       3
64                 90             0                       3
64                 94             2                       7
65                 4             3                       4
65                 5             3                       2
65                 7             3                       4
65                 21             4                       2
65                 22             1                       9
65                 25             1                       4
65                 29             1                       2
65                 38             1                       3
65                 48             3                       9
65                 54             4                       10
66                 11             0                       4
66                 16             1                       4
66                 19             0                       6
66                 33             1                       4
66                 40             2                       2
66                 48             0                       3
66                 56             3                       2
66                 72             4                       9
66                 74             2                       8
66                 75             1                       8
67                 30             0                       1
67                 56             2                       4
67                 58             3                       6
67                 71             1                       2
67                 75             1                       9
67                 78             3                       9
67                 80             4                       9
67                 81             3                       10
67                 82             0                       2
67                 83             2                       8
68                 4             3                       7
68                 7             0                       9
68                 12             3                       2
68                 19             4                       7
68                 24             3                       9
68                 26             3                       5
68                 31             4                       5
68                 40             4                       10
68                 42             0                       8
68                 46             2                       7
69                 19             4                       9
69                 41             4                       2
69                 45             2                       2
69                 58             1                       1
69                 59             1                       4
69                 61             4                       2
69                 65             3                       4
69                 74             3                       2
69                 81             1                       4
69                 95             4                       7
70                 13             2                       3
70                 37             4                       2
70                 39             3                       7
70                 56             2                       5
70                 78             2                       6
70                 87             3                       8
70                 89             0                       3
70                 92             1                       5
70                 93             0                       2
70                 94             2                       8
71                 33             0                       2
71                 38             4                       10
71                 52             0                       10
71                 54             3                       9
71                 55             2                       4
71                 59             1                       7
71                 63             3                       9
71                 64             4                       9
71                 82             1                       7
71                 91             0                       3
72                 4             4                       10
72                 26             1                       10
72                 29             2                       9
72                 71             1                       3
72                 77             0                       9
72                 92             1                       6
72                 94             1                       5
72                 95             3                       9
72                 96             4                       10
72                 97             4                       2
73                 2             2                       8
73                 3             1                       2
73                 10             3                       4
73                 12             4                       9
73                 19             0                       3
73                 22             3                       5
73                 64             4                       10
73                 68             3                       7
73                 79             1                       4
73                 84             0                       7
74                 12             4                       5
74                 20             4                       2
74                 36             3                       6
74                 38             0                       4
74                 70             0                       6
74                 88             4                       9
74                 93             4                       10
74                 95             1                       5
74                 97             1                       3
74                 98             4                       10
75                 16             1                       5
75                 27             1                       7
75                 37             2                       10
75                 46             4                       4
75                 55             1                       5
75                 57             3                       4
75                 63             3                       4
75                 67             2                       5
75                 79             4                       8
75                 84             1                       2
76                 3             4                       9
76                 6             1                       6
76                 14             0                       4
76                 54             3                       2
76                 66             4                       10
76                 68             3                       10
76                 78             0                       3
76                 87             1                       4
76                 93             3                       9
76                 100             4                       2
77                 7             4                       10
77                 16             3                       10
77                 18             0                       3
77                 36             4                       9
77                 37             2                       5
77                 41             4                       9
77                 42             0                       5
77                 44             2                       8
77                 48             0                       4
77                 49             0                       6
78                 8             4                       5
78                 35             2                       2
78                 45             2                       6
78                 53             3                       9
78                 57             4                       10
78                 58             4                       2
78                 69             2                       5
78                 98             4                       3
78                 99             3                       9
78                 100             4                       10
79                 8             0                       2
79                 23             1                       9
79                 28             4                       5
79                 41             2                       5
79                 42             4                       10
79                 54             0                       3
79                 63             2                       7
79                 64             1                       3
79                 73             2                       7
79                 92             0                       7
80                 15             0                       3
80                 17             2                       4
80                 32             3                       10
80                 41             4                       3
80                 46             1                       8
80                 48             0                       7
80                 59             4                       9
80                 61             0                       9
80                 63             1                       5
80                 67             3                       7
81                 3             0                       3
81                 38             2                       8
81                 48             1                       5
81                 49             4                       10
81                 61             2                       10
81                 67             1                       6
81                 85             3                       3
81                 88             0                       10
81                 91             3                       9
81                 92             2                       8
82                 2             2                       7
82                 10             1                       5
82                 15             2                       9
82                 17             0                       1
82                 32             0                       4
82                 40             2                       6
82                 46             1                       5
82                 50             1                       6
82                 55             4                       10
82                 59             3                       10
83                 3             4                       5
83                 4             3                       8
83                 9             2                       6
83                 16             3                       6
83                 25             4                       10
83                 61             1                       5
83                 88             0                       4
83                 92             0                       10
83                 94             1                       10
83                 96             1                       9
84                 6             4                       10
84                 11             0                       5
84                 12             3                       10
84                 49             0                       7
84                 52             3                       5
84                 70             1                       3
84                 71             4                       7
84                 77             4                       10
84                 94             2                       1
84                 100             1                       5
85                 16             0                       2
85                 19             2                       4
85                 22             0                       1
85                 35             4                       8
85                 43             2                       3
85                 45             3                       8
85                 65             1                       10
85                 69             2                       6
85                 80             4                       10
85                 85             3                       9
86                 2             1                       4
86                 28             2                       1
86                 33             4                       3
86                 45             0                       3
86                 51             4                       10
86                 79             0                       2
86                 84             2                       3
86                 90             1                       6
86                 98             2                       4
86                 99             2                       2
87                 27             1                       4
87                 31             2                       6
87                 33             1                       5
87                 45             0                       7
87                 60             1                       2
87                 63             0                       1
87                 65             2                       5
87                 91             2                       7
87                 96             0                       8
87                 100             1                       3
88                 7             0                       3
88                 17             0                       2
88                 22             4                       2
88                 39             0                       10
88                 41             4                       10
88                 47             3                       5
88                 86             3                       6
88                 91             1                       10
88                 95             0                       3
88                 97             1                       4
89                 5             3                       8
89                 14             3                       6
89                 17             1                       5
89                 21             1                       5
89                 27             3                       5
89                 58             3                       7
89                 60             4                       10
89                 62             0                       7
89                 65             2                       6
89                 72             2                       10
90                 1             3                       3
90                 10             1                       9
90                 23             3                       6
90                 27             3                       8
90                 28             2                       6
90                 35             4                       9
90                 53             0                       2
90                 89             2                       9
90                 93             0                       3
90                 94             3                       2
91                 12             3                       6
91                 14             3                       7
91                 24             3                       5
91                 28             3                       2
91                 43             3                       4
91                 60             0                       7
91                 61             0                       3
91                 63             1                       10
91                 70             0                       7
91                 71             1                       4
92                 3             3                       10
92                 5             4                       10
92                 10             0                       1
92                 23             2                       10
92                 35             2                       10
92                 50             0                       7
92                 65             2                       7
92                 95             4                       10
92                 97             4                       10
92                 99             0                       3
93                 5             3                       9
93                 17             3                       6
93                 29             2                       10
93                 31             0                       2
93                 47             1                       6
93                 49             3                       8
93                 50             4                       10
93                 53             0                       3
93                 60             1                       8
93                 61             0                       4
94                 10             3                       10
94                 20             4                       10
94                 50             1                       8
94                 51             1                       8
94                 57             4                       5
94                 66             2                       7
94                 70             3                       8
94                 85             0                       5
94                 86             2                       10
94                 87             1                       5
95                 24             3                       10
95                 30             3                       4
95                 35             3                       7
95                 36             3                       7
95                 44             1                       4
95                 56             0                       1
95                 72             4                       4
95                 74             1                       5
95                 76             3                       6
95                 88             2                       8
96                 15             4                       10
96                 19             4                       10
96                 20             2                       6
96                 28             3                       9
96                 55             1                       6
96                 72             1                       5
96                 76             1                       3
96                 77             3                       6
96                 81             0                       2
96                 82             0                       3
97                 1             1                       4
97                 2             3                       9
97                 3             2                       6
97                 6             2                       7
97                 8             3                       10
97                 17             4                       10
97                 22             4                       10
97                 23             2                       5
97                 29             2                       7
97                 35             0                       6
98                 17             3                       7
98                 23             0                       1
98                 27             4                       10
98                 36             4                       10
98                 43             3                       6
98                 45             4                       10
98                 48             3                       10
98                 65             3                       9
98                 70             3                       9
98                 73             0                       3
99                 38             0                       9
99                 52             2                       3
99                 53             2                       4
99                 67             1                       8
99                 74             2                       10
99                 79             1                       5
99                 82             3                       8
99                 87             0                       9
99                 89             1                       6
99                 93             1                       7
100                 1             4                       10
100                 13             0                       4
100                 25             3                       8
100                 27             3                       9
100                 49             0                       4
100                 72             0                       2
100                 80             2                       3
100                 82             3                       9
100                 87             4                       10
100                 92             3                       9