14
1                 21             3                       3
1                 26             2                       1
1                 33             2                       8
1                 39             2                       2
1                 55             3                       10
1                 87             0                       7
1                 91             3                       2
1                 92             1                       1
1                 93             3                       4
1                 94             0                       4
2                 21             1                       7
2                 39             1                       5
2                 46             1                       9
2                 49             0                       6
2                 57             1                       1
2                 65             3                       1
2                 74             0                       3
2                 78             3                       8
2                 93             1                       8
2                 99             3                       3
3                 18             2                       9
3                 43             0                       5
3                 48             4                       1
3                 49             2                       1
3                 85             4                       1
3                 90             1                       6
3                 91             1                       9
3                 96             1                       7
3                 98             0                       1
3                 100             0                       9
4                 1             2                       5
4                 9             4                       4
4                 12             1                       1
4                 21             3                       1
4                 40             2                       8
4                 69             4                       3
4                 74             2                       5
4                 77             2                       2
4                 80             2                       7
4                 92             3                       9
5                 8             1                       9
5                 26             0                       5
5                 27             4                       6
5                 31             4                       6
5                 51             1                       9
5                 62             0                       7
5                 71             3                       1
5                 72             1                       6
5                 82             1                       3
5                 89             4                       6
6                 3             2                       3
6                 5             1                       5
6                 7             3                       9
6                 27             0                       4
6                 28             3                       8
6                 29             0                       5
6                 32             0                       3
6                 45             1                       6
6                 73             2                       2
6                 85             3                       4
7                 1             3                       6
7                 14             3                       2
7                 15             4                       4
7                 20             3                       4
7                 22             1                       7
7                 32             1                       7
7                 67             2                       7
7                 78             4                       3
7                 79             1                       4
7                 80             4                       1
8                 11             0                       5
8                 32             2                       4
8                 35             2                       9
8                 39             1                       8
8                 41             2                       7
8                 50             4                       6
8                 51             1                       3
8                 54             1                       1
8                 71             1                       9
8                 83             3                       1
9                 37             1                       6
9                 44             3                       4
9                 61             2                       2
9                 76             1                       1
9                 84             1                       8
9                 91             2                       6
9                 94             1                       1
9                 95             3                       6
9                 99             4                       4
9                 100             4                       8
10                 2             3                       7
10                 25             0                       3
10                 27             1                       1
10                 31             3                       3
10                 37             2                       9
10                 42             3                       1
10                 45             4                       2
10                 46             0                       8
10                 47             1                       1
10                 72             1                       7
11                 14             2                       3
11                 17             3                       1
11                 24             3                       4
11                 30             0                       4
11                 31             2                       9
11                 35             4                       4
11                 43             2                       1
11                 49             2                       2
11                 57             0                       3
11                 73             3                       4
12                 3             2                       9
12                 10             2                       9
12                 15             3                       1
12                 33             4                       1
12                 38             2                       3
12                 46             4                       2
12                 48             3                       7
12                 81             1                       7
12                 83             2                       4
12                 85             0                       5
13                 5             3                       2
13                 18             3                       10
13                 60             4                       6
13                 62             4                       1
13                 64             0                       5
13                 82             0                       4
13                 83             2                       5
13                 90             4                       2
13                 95             0                       7
13                 96             4                       1
14                 25             4                       1
14                 26             4                       2
14                 39             1                       6
14                 58             4                       3
14                 67             3                       2
14                 69             2                       8
14                 73             2                       3
14                 77             4                       6
14                 80             3                       6
14                 87             1                       8
15                 12             2                       2
15                 23             2                       3
15                 41             2                       8
15                 53             1                       1
15                 54             3                       9
15                 76             3                       5
15                 96             0                       9
15                 97             1                       8
15                 98             1                       2
15                 100             0                       3
16                 15             3                       2
16                 25             3                       6
16                 29             2                       1
16                 42             2                       7
16                 57             4                       2
16                 64             4                       1
16                 95             4                       8
16                 98             0                       8
16                 99             1                       7
16                 100             4                       1
17                 2             1                       4
17                 17             0                       6
17                 18             0                       6
17                 19             0                       5
17                 23             4                       7
17                 33             4                       3
17                 35             0                       6
17                 43             0                       6
17                 50             3                       9
17                 62             0                       8
18                 17             0                       4
18                 31             4                       5
18                 34             0                       7
18                 52             0                       5
18                 53             0                       3
18                 57             2                       4
18                 65             0                       5
18                 79             4                       1
18                 80             1                       2
18                 81             1                       1
19                 4             4                       7
19                 11             3                       1
19                 20             2                       1
19                 22             0                       8
19                 23             3                       1
19                 41             2                       9
19                 52             2                       1
19                 59             3                       2
19                 66             2                       7
19                 69             1                       9
20                 4             1                       3
20                 13             4                       2
20                 47             4                       6
20                 51             0                       4
20                 53             2                       4
20                 56             2                       8
20                 70             3                       9
20                 82             4                       5
20                 92             3                       6
20                 97             4                       5
21                 10             0                       1
21                 11             1                       6
21                 21             3                       8
21                 23             0                       8
21                 28             4                       5
21                 37             4                       4
21                 55             0                       4
21                 65             1                       7
21                 75             3                       8
21                 77             1                       4
22                 13             4                       3
22                 24             2                       6
22                 33             1                       9
22                 35             2                       10
22                 44             1                       5
22                 48             0                       8
22                 78             3                       9
22                 88             2                       2
22                 90             2                       3
22                 93             2                       1
23                 32             0                       1
23                 49             0                       7
23                 61             2                       1
23                 63             0                       9
23                 66             0                       4
23                 71             0                       7
23                 72             3                       3
23                 80             1                       4
23                 81             1                       8
23                 89             3                       9
24                 1             2                       7
24                 8             1                       5
24                 16             3                       1
24                 21             3                       5
24                 23             3                       10
24                 33             1                       10
24                 38             1                       5
24                 61             0                       6
24                 64             1                       8
24                 77             3                       9
25                 7             3                       2
25                 8             3                       2
25                 13             2                       8
25                 22             4                       1
25                 24             0                       3
25                 35             1                       3
25                 58             3                       4
25                 66             3                       9
25                 68             2                       9
25                 71             0                       10
26                 11             3                       3
26                 21             2                       9
26                 34             0                       9
26                 52             1                       2
26                 57             3                       5
26                 60             0                       8
26                 66             0                       1
26                 68             1                       10
26                 69             0                       1
26                 74             4                       7
27                 3             2                       10
27                 6             3                       9
27                 13             2                       9
27                 18             4                       7
27                 26             0                       9
27                 33             4                       2
27                 40             1                       4
27                 48             0                       3
27                 59             3                       1
27                 60             1                       1
28                 10             0                       8
28                 22             3                       2
28                 25             4                       9
28                 29             0                       6
28                 50             1                       7
28                 68             2                       2
28                 79             4                       7
28                 91             1                       7
28                 93             4                       3
28                 94             1                       2
29                 9             4                       6
29                 18             3                       8
29                 28             0                       9
29                 49             1                       5
29                 52             0                       3
29                 58             1                       6
29                 76             1                       9
29                 91             2                       3
29                 93             4                       9
29                 94             0                       5
30                 19             4                       3
30                 48             1                       2
30                 54             0                       6
30                 75             4                       6
30                 92             4                       7
30                 95             2                       9
30                 96             3                       3
30                 97             3                       9
30                 99             1                       6
30                 100             2                       5
31                 4             0                       4
31                 12             2                       9
31                 19             4                       2
31                 30             0                       9
31                 42             3                       6
31                 49             0                       3
31                 54             0                       2
31                 74             3                       4
31                 77             3                       5
31                 91             1                       8
32                 1             3                       9
32                 2             4                       5
32                 21             2                       6
32                 24             4                       5
32                 42             3                       2
32                 47             3                       2
32                 55             2                       5
32                 63             4                       1
32                 68             3                       3
32                 71             2                       2
33                 18             0                       1
33                 28             0                       1
33                 36             4                       4
33                 49             3                       9
33                 67             2                       8
33                 73             0                       1
33                 79             0                       8
33                 90             4                       4
33                 93             0                       2
33                 94             0                       9
34                 2             0                       1
34                 14             1                       8
34                 30             0                       7
34                 37             3                       1
34                 47             0                       3
34                 59             4                       4
34                 70             1                       5
34                 81             2                       3
34                 83             4                       8
34                 86             0                       8
35                 5             2                       8
35                 19             1                       7
35                 21             1                       4
35                 37             0                       2
35                 39             3                       7
35                 64             0                       2
35                 81             2                       4
35                 87             1                       9
35                 91             0                       1
35                 98             0                       3
36                 3             3                       5
36                 8             4                       3
36                 24             2                       8
36                 33             2                       4
36                 41             3                       2
36                 57             2                       6
36                 67             3                       3
36                 70             3                       1
36                 77             3                       7
36                 88             2                       1
37                 5             4                       9
37                 6             3                       5
37                 13             2                       10
37                 38             1                       6
37                 44             4                       6
37                 45             0                       3
37                 66             3                       5
37                 72             3                       8
37                 76             1                       10
37                 79             2                       2
38                 1             3                       1
38                 6             4                       6
38                 9             2                       1
38                 25             1                       4
38                 30             1                       1
38                 32             1                       2
38                 41             3                       3
38                 42             4                       10
38                 47             0                       7
38                 51             0                       5
39                 5             4                       3
39                 8             2                       1
39                 10             4                       2
39                 20             2                       2
39                 44             3                       10
39                 46             2                       6
39                 52             0                       7
39                 63             2                       2
39                 75             2                       1
39                 76             2                       6
40                 4             1                       1
40                 5             3                       10
40                 14             1                       9
40                 15             3                       5
40                 24             4                       9
40                 39             4                       9
40                 41             3                       10
40                 54             0                       4
40                 57             4                       9
40                 58             1                       8
41                 16             3                       5
41                 43             0                       8
41                 50             3                       2
41                 51             1                       6
41                 66             2                       2
41                 80             0                       5
41                 90             1                       8
41                 92             4                       10
41                 97             4                       6
41                 99             3                       8
42                 12             3                       6
42                 26             0                       6
42                 42             1                       3
42                 46             1                       3
42                 52             0                       6
42                 53             2                       2
42                 60             0                       2
42                 61             2                       3
42                 64             2                       6
42                 65             3                       8
43                 19             4                       8
43                 35             3                       1
43                 38             0                       7
43                 44             2                       7
43                 48             4                       9
43                 54             4                       7
43                 58             4                       9
43                 61             1                       4
43                 78             4                       2
43                 82             2                       2
44                 5             2                       4
44                 7             4                       5
44                 11             1                       7
44                 23             1                       4
44                 58             0                       1
44                 66             0                       3
44                 84             0                       3
44                 85             0                       9
44                 88             2                       3
44                 91             2                       4
45                 5             0                       1
45                 6             2                       7
45                 17             3                       2
45                 36             2                       5
45                 45             3                       7
45                 47             1                       8
45                 52             4                       10
45                 55             3                       6
45                 59             2                       8
45                 63             1                       4
46                 27             1                       8
46                 36             4                       2
46                 60             3                       9
46                 61             1                       7
46                 64             1                       3
46                 67             2                       4
46                 69             1                       2
46                 78             1                       10
46                 81             2                       9
46                 82             2                       1
47                 5             4                       6
47                 18             1                       4
47                 47             0                       9
47                 50             3                       3
47                 74             2                       1
47                 75             4                       7
47                 79             4                       9
47                 85             1                       2
47                 91             3                       10
47                 92             2                       8
48                 19             2                       4
48                 20             1                       3
48                 23             3                       9
48                 47             0                       4
48                 59             0                       5
48                 79             1                       10
48                 80             0                       3
48                 82             2                       9
48                 84             3                       9
48                 86             0                       5
49                 1             4                       8
49                 7             1                       6
49                 9             2                       9
49                 29             2                       7
49                 34             1                       1
49                 38             4                       9
49                 48             4                       6
49                 56             1                       4
49                 62             4                       2
49                 70             4                       6
50                 3             4                       6
50                 18             4                       5
50                 22             0                       5
50                 42             0                       8
50                 48             4                       10
50                 65             0                       2
50                 67             2                       9
50                 68             3                       5
50                 73             4                       10
50                 76             0                       2
51                 6             4                       1
51                 7             4                       10
51                 34             0                       2
51                 55             3                       7
51                 77             4                       10
51                 84             4                       10
51                 95             3                       1
51                 96             1                       8
51                 97             4                       2
51                 100             1                       2
52                 6             1                       2
52                 10             0                       10
52                 28             4                       2
52                 31             1                       4
52                 32             3                       10
52                 56             1                       5
52                 60             0                       7
52                 76             0                       7
52                 80             4                       8
52                 83             3                       2
53                 11             3                       8
53                 15             0                       6
53                 21             0                       2
53                 23             1                       5
53                 34             3                       3
53                 39             3                       3
53                 45             1                       9
53                 52             2                       8
53                 60             0                       3
53                 63             4                       5
54                 22             4                       9
54                 35             3                       7
54                 47             0                       5
54                 52             3                       9
54                 82             3                       8
54                 95             0                       2
54                 97             3                       10
54                 98             1                       4
54                 99             1                       9
54                 100             2                       6
55                 4             1                       2
55                 10             3                       3
55                 27             3                       5
55                 30             1                       5
55                 40             3                       9
55                 53             0                       5
55                 65             2                       4
55                 68             2                       6
55                 79             3                       5
55                 83             3                       6
56                 14             2                       6
56                 20             3                       7
56                 33             2                       5
56                 39             4                       4
56                 62             2                       9
56                 69             0                       4
56                 71             0                       3
56                 72             1                       9
56                 74             4                       2
56                 77             2                       8
57                 2             3                       2
57                 6             1                       3
57                 18             3                       2
57                 33             2                       6
57                 49             2                       4
57                 51             1                       1
57                 62             0                       3
57                 72             0                       1
57                 78             3                       4
57                 86             1                       1
58                 6             0                       10
58                 56             4                       10
58                 64             0                       10
58                 73             3                       7
58                 87             3                       4
58                 89             4                       7
58                 90             4                       9
58                 94             4                       10
58                 95             3                       4
58                 96             1                       4
59                 8             3                       6
59                 23             0                       2
59                 31             0                       1
59                 40             4                       5
59                 45             3                       4
59                 51             2                       8
59                 65             4                       9
59                 75             4                       9
59                 82             2                       6
59                 84             3                       6
60                 2             3                       8
60                 22             4                       3
60                 30             3                       2
60                 36             3                       3
60                 42             1                       4
60                 43             1                       2
60                 46             4                       4
60                 50             4                       10
60                 57             3                       7
60                 75             0                       2
61                 4             0                       5
61                 10             4                       5
61                 34             0                       4
61                 38             3                       1
61                 51             4                       10
61                 86             2                       2
61                 87             0                       1
61                 88             2                       4
61                 91             1                       5
61                 94             1                       6
62                 12             0                       7
62                 22             3                       6
62                 27             2                       7
62                 43             4                       9
62                 47             1                       10
62                 56             0                       1
62                 66             4                       8
62                 83             4                       9
62                 88             2                       8
62                 89             2                       3
63                 9             1                       3
63                 15             3                       10
63                 16             4                       6
63                 20             0                       5
63                 22             2                       4
63                 26             3                       7
63                 28             4                       3
63                 34             4                       10
63                 42             1                       5
63                 45             3                       8
64                 4             1                       6
64                 37             3                       7
64                 41             0                       1
64                 44             1                       2
64                 46             1                       5
64                 59             4                       9
64                 62             1                       4
64                 68             0                       1
64                 70             1                       7
64                 84             1                       4
65                 2             2                       3
65                 3             1                       7
65                 31             1                       7
65                 53             2                       8
65                 55             2                       1
65                 66             4                       10
65                 73             1                       5
65                 75             0                       5
65                 81             0                       2
65                 85             2                       7
66                 12             4                       10
66                 44             0                       1
66                 53             2                       6
66                 58             4                       10
66                 63             0                       3
66                 78             0                       1
66                 86             3                       3
66                 87             3                       10
66                 89             3                       4
66                 92             0                       4
67                 7             3                       7
67                 14             0                       1
67                 17             3                       7
67                 20             0                       6
67                 40             2                       2
67                 50             2                       5
67                 54             3                       8
67                 59             3                       6
67                 71             1                       5
67                 76             0                       3
68                 3             1                       4
68                 4             3                       9
68                 14             3                       10
68                 17             1                       3
68                 23             2                       6
68                 33             2                       7
68                 35             3                       8
68                 36             2                       8
68                 39             4                       10
68                 40             3                       6
69                 1             4                       10
69                 15             3                       7
69                 25             2                       7
69                 36             1                       1
69                 64             1                       7
69                 69             4                       6
69                 71             0                       4
69                 73             3                       8
69                 83             2                       7
69                 86             0                       7
70                 2             4                       9
70                 24             3                       7
70                 31             3                       10
70                 38             3                       4
70                 59             4                       10
70                 71             3                       6
70                 74             1                       8
70                 78             3                       5
70                 82             4                       10
70                 83             3                       3
71                 10             2                       6
71                 17             3                       8
71                 28             3                       6
71                 32             2                       8
71                 35             0                       2
71                 43             0                       3
71                 44             3                       3
71                 63             3                       8
71                 70             3                       2
71                 71             2                       8
72                 1             3                       2
72                 3             0                       1
72                 13             3                       6
72                 44             3                       8
72                 55             1                       3
72                 58             0                       2
72                 94             4                       3
72                 98             0                       10
72                 99             0                       1
72                 100             1                       4
73                 11             3                       9
73                 15             1                       8
73                 28             0                       10
73                 38             0                       2
73                 43             1                       4
73                 61             1                       5
73                 89             3                       10
73                 96             0                       2
73                 97             1                       3
73                 98             0                       9
74                 1             2                       3
74                 15             3                       9
74                 26             4                       10
74                 36             3                       6
74                 56             3                       6
74                 85             4                       10
74                 94             1                       7
74                 96             1                       5
74                 97             0                       1
74                 98             4                       5
75                 6             1                       4
75                 12             1                       3
75                 14             1                       7
75                 53             4                       7
75                 66             2                       6
75                 93             0                       5
75                 95             2                       5
75                 96             3                       6
75                 97             3                       7
75                 99             0                       2
76                 2             4                       10
76                 20             3                       8
76                 21             0                       10
76                 32             2                       5
76                 34             2                       5
76                 36             4                       9
76                 45             1                       5
76                 50             1                       8
76                 55             0                       2
76                 62             4                       5
77                 7             2                       8
77                 8             4                       10
77                 10             1                       4
77                 11             3                       4
77                 17             4                       10
77                 19             3                       6
77                 20             2                       9
77                 27             0                       2
77                 29             2                       2
77                 31             0                       2
78                 7             3                       1
78                 9             3                       7
78                 25             1                       5
78                 35             4                       5
78                 40             4                       10
78                 55             4                       8
78                 61             1                       8
78                 80             4                       9
78                 87             3                       2
78                 89             2                       5
79                 2             4                       6
79                 3             2                       8
79                 9             3                       10
79                 13             4                       4
79                 22             4                       10
79                 30             2                       3
79                 70             4                       10
79                 87             1                       5
79                 94             2                       8
79                 98             0                       6
80                 8             3                       7
80                 10             2                       7
80                 16             1                       7
80                 25             3                       8
80                 31             3                       8
80                 34             0                       6
80                 39             0                       1
80                 59             1                       7
80                 75             3                       10
80                 77             0                       1
81                 5             3                       7
81                 16             3                       3
81                 40             3                       1
81                 41             2                       4
81                 56             2                       7
81                 61             3                       9
81                 70             2                       4
81                 75             0                       3
81                 79             4                       3
81                 85             1                       6
82                 4             2                       10
82                 12             1                       4
82                 16             0                       8
82                 37             4                       10
82                 50             0                       1
82                 67             2                       5
82                 69             1                       5
82                 85             1                       8
82                 88             4                       5
82                 92             1                       5
83                 26             2                       3
83                 32             1                       6
83                 53             4                       9
83                 54             3                       3
83                 55             2                       9
83                 56             2                       2
83                 73             1                       6
83                 74             4                       9
83                 78             3                       6
83                 90             0                       1
84                 11             0                       2
84                 12             0                       5
84                 16             4                       9
84                 19             3                       1
84                 26             1                       4
84                 29             0                       8
84                 32             1                       9
84                 36             3                       10
84                 44             3                       9
84                 64             3                       9
85                 17             2                       5
85                 27             4                       9
85                 30             3                       10
85                 38             4                       10
85                 58             3                       5
85                 59             1                       3
85                 62             3                       6
85                 68             2                       7
85                 72             2                       4
85                 78             4                       7
86                 6             3                       8
86                 7             2                       3
86                 9             0                       2
86                 24             1                       1
86                 25             1                       2
86                 37             3                       3
86                 41             3                       5
86                 45             1                       1
86                 72             2                       5
86                 75             1                       4
87                 19             2                       9
87                 37             0                       8
87                 43             1                       7
87                 48             1                       4
87                 57             0                       10
87                 60             2                       4
87                 61             4                       10
87                 68             1                       4
87                 72             0                       2
87                 93             4                       10
88                 3             0                       2
88                 4             2                       8
88                 8             3                       8
88                 9             0                       5
88                 13             3                       7
88                 15             2                       3
88                 16             1                       4
88                 25             0                       10
88                 27             2                       10
88                 48             1                       5
89                 7             2                       4
89                 24             0                       2
89                 28             3                       7
89                 65             4                       10
89                 83             4                       10
89                 86             1                       6
89                 95             3                       10
89                 96             4                       10
89                 99             2                       5
89                 100             3                       10
90                 29             2                       3
90                 60             0                       5
90                 65             4                       3
90                 67             3                       6
90                 80             0                       10
90                 81             1                       5
90                 84             0                       1
90                 86             4                       10
90                 88             0                       6
90                 89             2                       8
91                 1             2                       4
91                 16             3                       10
91                 29             0                       4
91                 42             0                       9
91                 45             4                       10
91                 46             3                       1
91                 68             1                       8
91                 70             1                       3
91                 84             1                       2
91                 86             0                       4
92                 20             4                       10
92                 24             4                       10
92                 29             2                       9
92                 30             2                       8
92                 54             1                       5
92                 56             2                       3
92                 69             4                       10
92                 72             3                       10
92                 77             1                       3
92                 88             4                       9
93                 8             0                       4
93                 9             3                       8
93                 41             2                       6
93                 74             4                       10
93                 84             4                       5
93                 93             2                       6
93                 97             2                       4
93                 98             0                       7
93                 99             4                       10
93                 100             2                       7
94                 11             3                       10
94                 12             2                       8
94                 13             0                       1
94                 14             3                       4
94                 30             1                       6
94                 37             2                       5
94                 53             4                       10
94                 54             4                       10
94                 63             2                       6
94                 64             0                       4
95                 65             4                       6
95                 69             2                       7
95                 70             3                       8
95                 81             0                       6
95                 87             0                       3
95                 88             1                       7
95                 89             0                       1
95                 90             3                       7
95                 92             0                       2
95                 93             2                       7
96                 18             0                       3
96                 29             3                       10
96                 36             3                       7
96                 40             3                       7
96                 49             3                       10
96                 60             1                       10
96                 63             0                       7
96                 76             1                       8
96                 85             0                       3
96                 86             3                       9
97                 13             2                       5
97                 17             0                       9
97                 19             4                       10
97                 27             0                       3
97                 40             4                       3
97                 43             4                       10
97                 46             1                       10
97                 52             1                       4
97                 57             3                       8
97                 58             1                       7
98                 26             3                       8
98                 34             2                       8
98                 46             2                       7
98                 51             1                       2
98                 56             3                       9
98                 62             4                       10
98                 67             1                       1
98                 73             2                       9
98                 76             0                       4
98                 79             3                       6
99                 38             3                       8
99                 49             0                       8
99                 50             1                       4
99                 51             4                       7
99                 63             1                       10
99                 74             3                       6
99                 84             4                       7
99                 87             3                       6
99                 89             1                       2
99                 90             1                       10
100                 14             1                       5
100                 16             0                       2
100                 28             0                       4
100                 67             4                       10
100                 81             3                       10
100                 82             2                       7
100                 88             4                       10
100                 90             1                       5
100                 92             0                       3
100                 95             1                       3