14
1                 17             2                       1
1                 19             0                       10
1                 31             4                       4
1                 57             1                       3
1                 81             0                       4
1                 85             1                       1
1                 96             0                       6
1                 98             3                       10
1                 99             2                       8
1                 100             3                       6
2                 10             0                       7
2                 20             1                       9
2                 29             2                       7
2                 32             0                       6
2                 33             3                       8
2                 43             2                       7
2                 46             4                       6
2                 47             3                       1
2                 50             3                       1
2                 60             1                       1
3                 14             0                       8
3                 15             0                       8
3                 24             2                       6
3                 25             4                       1
3                 45             4                       1
3                 75             0                       7
3                 87             0                       9
3                 90             2                       10
3                 91             0                       5
3                 92             3                       1
4                 41             4                       2
4                 68             3                       4
4                 70             2                       3
4                 76             4                       1
4                 77             0                       9
4                 83             0                       6
4                 86             2                       6
4                 88             4                       1
4                 89             4                       4
4                 94             3                       3
5                 11             4                       3
5                 17             2                       2
5                 25             4                       3
5                 28             0                       6
5                 43             4                       4
5                 52             1                       7
5                 53             1                       5
5                 71             1                       6
5                 79             1                       1
5                 83             4                       1
6                 1             2                       5
6                 5             0                       3
6                 33             3                       9
6                 35             0                       9
6                 45             2                       6
6                 72             2                       7
6                 74             0                       2
6                 79             4                       4
6                 83             0                       9
6                 89             2                       1
7                 12             2                       5
7                 17             0                       7
7                 27             0                       9
7                 31             4                       5
7                 46             1                       2
7                 48             3                       6
7                 50             1                       5
7                 54             4                       7
7                 59             4                       3
7                 75             4                       8
8                 1             2                       7
8                 8             2                       8
8                 9             1                       1
8                 37             2                       8
8                 41             2                       5
8                 48             0                       3
8                 59             0                       9
8                 64             3                       4
8                 84             4                       1
8                 88             3                       3
9                 23             4                       1
9                 24             1                       7
9                 27             1                       1
9                 39             0                       7
9                 52             3                       8
9                 76             1                       7
9                 84             2                       8
9                 87             0                       8
9                 89             2                       5
9                 93             2                       9
10                 23             4                       2
10                 60             1                       2
10                 63             1                       6
10                 65             3                       3
10                 68             2                       7
10                 69             1                       1
10                 73             4                       1
10                 75             2                       1
10                 77             2                       10
10                 80             0                       4
11                 1             4                       2
11                 4             0                       8
11                 14             2                       1
11                 16             0                       6
11                 47             3                       2
11                 50             4                       3
11                 58             1                       1
11                 70             1                       1
11                 78             1                       6
11                 81             2                       9
12                 13             1                       1
12                 16             3                       1
12                 21             3                       3
12                 29             2                       8
12                 30             2                       1
12                 31             3                       8
12                 36             2                       2
12                 39             3                       1
12                 44             1                       6
12                 49             1                       1
13                 30             3                       3
13                 39             4                       2
13                 42             4                       1
13                 55             2                       10
13                 84             0                       10
13                 94             1                       6
13                 97             3                       1
13                 98             1                       1
13                 99             0                       9
13                 100             3                       1
14                 4             2                       3
14                 8             0                       6
14                 18             0                       4
14                 37             1                       9
14                 42             0                       8
14                 63             3                       1
14                 80             2                       1
14                 81             1                       1
14                 85             3                       5
14                 87             4                       1
15                 15             4                       1
15                 24             1                       8
15                 26             1                       3
15                 44             2                       2
15                 48             1                       1
15                 90             1                       8
15                 95             1                       1
15                 97             0                       7
15                 98             2                       3
15                 100             2                       7
16                 8             4                       1
16                 15             2                       9
16                 16             4                       2
16                 19             2                       7
16                 31             3                       9
16                 34             1                       8
16                 38             1                       7
16                 39             0                       3
16                 43             4                       1
16                 53             1                       7
17                 10             2                       9
17                 23             1                       3
17                 26             4                       2
17                 63             1                       8
17                 70             0                       4
17                 77             3                       4
17                 95             0                       4
17                 96             4                       7
17                 97             1                       2
17                 100             0                       10
18                 8             1                       3
18                 18             2                       6
18                 25             3                       8
18                 56             3                       2
18                 62             0                       5
18                 67             3                       1
18                 84             0                       5
18                 88             1                       6
18                 92             1                       2
18                 93             4                       1
19                 2             4                       1
19                 4             2                       1
19                 12             4                       1
19                 30             3                       10
19                 31             4                       1
19                 52             1                       1
19                 54             0                       3
19                 63             3                       2
19                 84             0                       2
19                 88             2                       4
20                 4             1                       4
20                 21             1                       1
20                 25             1                       9
20                 49             4                       5
20                 52             0                       2
20                 56             4                       1
20                 61             0                       6
20                 79             1                       8
20                 90             1                       9
20                 98             0                       4
21                 2             0                       9
21                 19             3                       5
21                 23             2                       4
21                 66             0                       8
21                 67             0                       7
21                 68             4                       5
21                 72             4                       1
21                 79             2                       9
21                 82             3                       5
21                 86             0                       10
22                 1             3                       6
22                 5             3                       10
22                 10             3                       1
22                 14             1                       2
22                 27             4                       2
22                 28             1                       1
22                 37             0                       1
22                 48             1                       4
22                 52             1                       3
22                 57             2                       1
23                 44             2                       9
23                 68             2                       1
23                 82             2                       10
23                 94             0                       4
23                 95             0                       10
23                 96             1                       1
23                 97             0                       5
23                 98             1                       6
23                 99             0                       1
23                 100             1                       4
24                 1             4                       8
24                 16             0                       7
24                 27             1                       4
24                 50             1                       6
24                 64             3                       1
24                 72             3                       3
24                 78             3                       3
24                 87             0                       2
24                 93             3                       6
24                 94             3                       5
25                 12             4                       3
25                 19             3                       6
25                 24             4                       2
25                 28             4                       8
25                 32             4                       4
25                 38             0                       4
25                 40             0                       6
25                 47             1                       5
25                 50             3                       7
25                 51             4                       3
26                 14             1                       9
26                 21             0                       4
26                 26             4                       4
26                 29             0                       4
26                 30             4                       7
26                 34             2                       4
26                 56             3                       7
26                 66             1                       9
26                 69             0                       8
26                 90             4                       4
27                 1             2                       9
27                 11             3                       2
27                 15             4                       6
27                 24             4                       9
27                 35             0                       1
27                 36             4                       3
27                 48             3                       5
27                 58             0                       3
27                 59             1                       1
27                 61             1                       9
28                 6             2                       8
28                 18             3                       5
28                 46             1                       3
28                 54             3                       4
28                 78             2                       4
28                 82             3                       1
28                 92             0                       8
28                 93             1                       4
28                 94             1                       7
28                 96             0                       2
29                 9             3                       2
29                 15             1                       5
29                 19             1                       3
29                 25             4                       7
29                 26             2                       6
29                 33             4                       3
29                 42             0                       5
29                 64             0                       6
29                 68             2                       8
29                 73             0                       8
30                 24             4                       10
30                 30             3                       8
30                 36             4                       7
30                 60             1                       9
30                 68             1                       2
30                 78             0                       5
30                 79             2                       5
30                 82             1                       8
30                 90             3                       2
30                 92             4                       4
31                 3             3                       7
31                 18             3                       7
31                 20             3                       10
31                 22             1                       1
31                 26             4                       7
31                 31             3                       6
31                 38             4                       5
31                 40             1                       7
31                 41             3                       6
31                 62             2                       1
32                 10             0                       8
32                 11             1                       6
32                 13             3                       9
32                 22             2                       2
32                 30             2                       9
32                 33             3                       4
32                 37             3                       4
32                 44             0                       7
32                 55             1                       1
32                 65             4                       1
33                 16             1                       4
33                 28             0                       7
33                 59             4                       2
33                 74             3                       9
33                 77             4                       1
33                 82             4                       6
33                 83             1                       10
33                 87             3                       3
33                 96             0                       3
33                 97             0                       8
34                 2             1                       7
34                 13             1                       7
34                 18             0                       8
34                 27             4                       3
34                 34             0                       5
34                 39             0                       10
34                 51             4                       1
34                 61             1                       7
34                 71             3                       1
34                 80             0                       9
35                 22             0                       9
35                 40             3                       4
35                 48             4                       10
35                 59             0                       4
35                 67             2                       9
35                 81             0                       3
35                 90             0                       1
35                 93             0                       10
35                 95             2                       2
35                 99             3                       6
36                 3             4                       5
36                 14             1                       5
36                 17             4                       3
36                 24             2                       4
36                 34             1                       1
36                 42             4                       9
36                 47             0                       7
36                 55             0                       3
36                 60             0                       4
36                 62             2                       2
37                 7             1                       9
37                 11             2                       7
37                 14             0                       6
37                 15             0                       10
37                 31             1                       2
37                 34             0                       6
37                 43             1                       9
37                 49             2                       7
37                 60             4                       5
37                 62             2                       3
38                 6             1                       9
38                 9             3                       3
38                 32             2                       1
38                 43             3                       5
38                 45             4                       2
38                 49             4                       6
38                 62             0                       6
38                 79             2                       6
38                 82             1                       2
38                 85             4                       2
39                 9             0                       7
39                 21             1                       2
39                 26             4                       8
39                 30             0                       4
39                 32             0                       2
39                 37             3                       6
39                 39             1                       6
39                 40             2                       5
39                 48             1                       7
39                 54             1                       8
40                 3             1                       8
40                 12             3                       6
40                 17             0                       8
40                 25             0                       10
40                 34             4                       10
40                 45             3                       7
40                 47             3                       6
40                 67             4                       4
40                 74             2                       10
40                 75             3                       10
41                 12             4                       7
41                 20             4                       4
41                 21             1                       5
41                 39             2                       4
41                 46             1                       8
41                 55             2                       4
41                 69             4                       9
41                 88             2                       7
41                 89             1                       6
41                 91             2                       1
42                 7             1                       6
42                 19             2                       8
42                 22             0                       6
42                 32             0                       7
42                 33             2                       2
42                 42             2                       10
42                 45             1                       8
42                 55             3                       8
42                 71             1                       7
42                 78             0                       1
43                 6             3                       10
43                 9             0                       4
43                 10             2                       4
43                 18             3                       1
43                 23             4                       7
43                 40             0                       1
43                 47             0                       3
43                 49             3                       8
43                 69             1                       10
43                 70             4                       9
44                 6             4                       5
44                 12             3                       8
44                 23             1                       5
44                 25             2                       5
44                 32             2                       8
44                 41             2                       7
44                 58             3                       8
44                 71             0                       2
44                 87             1                       6
44                 90             3                       3
45                 6             0                       1
45                 7             1                       1
45                 35             4                       2
45                 42             0                       2
45                 57             4                       6
45                 60             3                       7
45                 64             2                       7
45                 72             2                       4
45                 76             2                       8
45                 79             4                       2
46                 3             1                       3
46                 12             4                       9
46                 13             0                       2
46                 14             2                       7
46                 37             0                       2
46                 54             2                       6
46                 56             4                       8
46                 58             2                       2
46                 59             3                       7
46                 81             2                       2
47                 47             4                       10
47                 56             4                       9
47                 63             4                       3
47                 70             1                       10
47                 75             2                       5
47                 92             1                       5
47                 96             3                       8
47                 98             2                       7
47                 99             0                       5
47                 100             1                       5
48                 28             3                       10
48                 52             2                       4
48                 56             0                       10
48                 57             1                       4
48                 58             4                       9
48                 59             2                       6
48                 61             0                       1
48                 73             4                       3
48                 77             1                       5
48                 78             2                       7
49                 14             2                       10
49                 15             2                       7
49                 53             4                       1
49                 70             2                       7
49                 71             0                       8
49                 72             4                       5
49                 83             0                       2
49                 86             3                       1
49                 89             4                       8
49                 91             3                       3
50                 17             1                       5
50                 26             4                       9
50                 31             2                       3
50                 50             3                       8
50                 65             1                       8
50                 74             4                       7
50                 83             2                       3
50                 85             0                       10
50                 86             0                       7
50                 88             1                       5
51                 1             4                       3
51                 5             3                       4
51                 12             2                       2
51                 20             1                       1
51                 27             2                       7
51                 56             3                       4
51                 79             0                       3
51                 83             2                       7
51                 84             2                       3
51                 85             0                       6
52                 1             4                       10
52                 8             0                       9
52                 29             3                       5
52                 38             0                       1
52                 46             4                       4
52                 53             3                       2
52                 54             1                       5
52                 70             1                       8
52                 74             1                       1
52                 77             0                       2
53                 2             1                       8
53                 44             1                       3
53                 66             4                       1
53                 69             3                       2
53                 70             1                       5
53                 86             3                       8
53                 92             0                       3
53                 95             1                       5
53                 97             3                       9
53                 100             3                       8
54                 43             3                       8
54                 50             3                       2
54                 53             4                       8
54                 60             0                       3
54                 61             1                       3
54                 73             3                       7
54                 74             2                       5
54                 81             4                       5
54                 85             0                       3
54                 87             4                       4
55                 1             1                       1
55                 21             1                       8
55                 22             2                       7
55                 29             3                       6
55                 40             3                       8
55                 41             3                       8
55                 45             1                       3
55                 49             4                       9
55                 63             4                       9
55                 70             4                       6
56                 50             3                       9
56                 62             0                       7
56                 67             4                       10
56                 69             4                       4
56                 73             1                       9
56                 76             4                       3
56                 83             4                       4
56                 92             0                       6
56                 95             3                       9
56                 99             1                       2
57                 5             0                       1
57                 11             3                       8
57                 32             1                       10
57                 56             1                       3
57                 59             3                       8
57                 64             3                       5
57                 69             1                       5
57                 73             0                       10
57                 74             4                       6
57                 82             1                       3
58                 20             0                       2
58                 32             2                       9
58                 36             4                       8
58                 37             3                       3
58                 49             0                       2
58                 62             4                       10
58                 71             3                       3
58                 77             1                       7
58                 88             0                       9
58                 95             2                       6
59                 3             4                       6
59                 10             1                       3
59                 11             4                       9
59                 53             3                       9
59                 54             4                       9
59                 72             2                       6
59                 82             1                       4
59                 94             1                       1
59                 97             1                       6
59                 98             1                       5
60                 8             4                       10
60                 21             0                       6
60                 45             1                       9
60                 89             1                       2
60                 94             4                       10
60                 95             4                       3
60                 97             3                       10
60                 98             4                       8
60                 99             2                       7
60                 100             4                       2
61                 17             4                       9
61                 22             3                       3
61                 33             4                       5
61                 35             0                       3
61                 38             1                       2
61                 47             0                       4
61                 48             0                       2
61                 51             2                       5
61                 55             2                       5
61                 58             0                       4
62                 4             3                       9
62                 7             3                       2
62                 13             4                       8
62                 15             0                       2
62                 18             2                       2
62                 27             0                       10
62                 29             2                       1
62                 42             2                       3
62                 45             2                       4
62                 57             3                       8
63                 7             2                       3
63                 17             0                       10
63                 19             1                       4
63                 35             0                       7
63                 40             2                       2
63                 41             3                       3
63                 44             3                       8
63                 51             4                       6
63                 53             1                       3
63                 57             2                       5
64                 9             3                       8
64                 26             3                       10
64                 32             1                       5
64                 53             4                       6
64                 58             2                       5
64                 60             4                       10
64                 76             3                       5
64                 80             4                       2
64                 84             3                       6
64                 88             1                       8
65                 20             0                       3
65                 34             0                       2
65                 39             0                       5
65                 49             1                       3
65                 61             3                       8
65                 75             3                       9
65                 79             2                       7
65                 87             0                       10
65                 89             2                       9
65                 92             1                       10
66                 2             3                       4
66                 11             2                       4
66                 16             4                       9
66                 28             0                       2
66                 36             1                       4
66                 45             3                       5
66                 57             2                       2
66                 66             4                       7
66                 67             2                       5
66                 69             2                       7
67                 10             3                       2
67                 24             3                       3
67                 33             4                       6
67                 48             2                       8
67                 57             3                       7
67                 59             1                       10
67                 61             3                       2
67                 73             1                       4
67                 75             0                       2
67                 81             4                       10
68                 7             0                       4
68                 19             0                       1
68                 33             3                       7
68                 50             2                       4
68                 68             4                       9
68                 73             4                       2
68                 78             1                       2
68                 81             3                       7
68                 83             3                       8
68                 86             4                       2
69                 6             1                       2
69                 11             3                       5
69                 31             0                       10
69                 38             3                       9
69                 40             0                       3
69                 43             2                       10
69                 49             1                       4
69                 54             3                       10
69                 58             4                       10
69                 64             4                       10
70                 20             2                       6
70                 35             0                       4
70                 44             1                       4
70                 52             0                       5
70                 62             2                       8
70                 64             1                       2
70                 66             0                       2
70                 90             2                       5
70                 91             4                       7
70                 96             0                       5
71                 3             4                       9
71                 6             4                       4
71                 9             0                       9
71                 10             4                       5
71                 36             2                       9
71                 46             0                       5
71                 47             0                       8
71                 57             4                       9
71                 73             2                       6
71                 76             4                       6
72                 8             1                       4
72                 29             0                       2
72                 36             0                       1
72                 52             3                       9
72                 54             1                       1
72                 59             1                       5
72                 66             2                       6
72                 76             3                       9
72                 80             2                       5
72                 84             3                       9
73                 5             3                       5
73                 10             4                       10
73                 21             4                       10
73                 23             4                       8
73                 46             4                       9
73                 48             3                       9
73                 51             2                       7
73                 60             0                       6
73                 64             3                       8
73                 72             4                       8
74                 6             3                       6
74                 13             4                       10
74                 26             3                       1
74                 46             3                       10
74                 52             2                       10
74                 56             4                       5
74                 58             3                       6
74                 67             2                       6
74                 72             0                       9
74                 86             0                       3
75                 8             3                       7
75                 19             3                       9
75                 21             1                       7
75                 22             1                       4
75                 55             0                       2
75                 61             3                       4
75                 63             4                       10
75                 65             4                       4
75                 74             3                       8
75                 77             0                       3
76                 2             0                       2
76                 7             1                       5
76                 14             0                       3
76                 22             4                       10
76                 27             3                       8
76                 30             2                       5
76                 66             0                       3
76                 71             4                       9
76                 72             1                       2
76                 75             0                       6
77                 4             3                       2
77                 25             1                       4
77                 34             1                       3
77                 41             0                       1
77                 42             3                       7
77                 47             1                       9
77                 70             0                       2
77                 75             0                       3
77                 85             3                       7
77                 92             3                       9
78                 10             2                       6
78                 15             3                       3
78                 18             1                       3
78                 29             3                       9
78                 39             0                       8
78                 53             1                       4
78                 76             1                       2
78                 86             2                       4
78                 91             3                       10
78                 97             0                       3
79                 8             1                       5
79                 15             0                       4
79                 28             0                       3
79                 37             1                       5
79                 38             1                       10
79                 40             1                       9
79                 44             1                       5
79                 51             1                       8
79                 65             1                       5
79                 71             1                       4
80                 5             1                       6
80                 13             3                       5
80                 33             3                       10
80                 43             2                       6
80                 55             3                       9
80                 56             1                       6
80                 63             2                       5
80                 78             3                       8
80                 79             4                       10
80                 85             1                       8
81                 7             2                       7
81                 13             0                       3
81                 23             2                       6
81                 46             1                       1
81                 64             1                       3
81                 66             3                       10
81                 73             1                       5
81                 80             2                       3
81                 90             2                       6
81                 91             3                       8
82                 2             2                       5
82                 5             1                       2
82                 6             3                       7
82                 7             2                       8
82                 20             3                       7
82                 23             1                       9
82                 26             3                       5
82                 27             0                       5
82                 34             2                       9
82                 36             3                       10
83                 2             0                       3
83                 11             0                       1
83                 25             2                       6
83                 44             4                       10
83                 50             2                       10
83                 51             4                       9
83                 64             2                       9
83                 66             1                       4
83                 78             1                       9
83                 88             4                       10
84                 2             4                       10
84                 3             4                       4
84                 4             2                       5
84                 9             0                       5
84                 12             4                       10
84                 19             4                       2
84                 27             1                       6
84                 28             3                       9
84                 33             1                       1
84                 41             2                       9
85                 6             4                       3
85                 7             3                       10
85                 17             1                       6
85                 20             4                       8
85                 28             2                       4
85                 29             1                       3
85                 38             2                       6
85                 42             4                       6
85                 51             3                       4
85                 60             3                       8
86                 5             3                       7
86                 41             3                       4
86                 42             0                       4
86                 43             1                       2
86                 54             0                       2
86                 61             4                       5
86                 65             1                       6
86                 68             1                       3
86                 82             2                       9
86                 85             0                       4
87                 36             2                       5
87                 53             4                       10
87                 57             4                       10
87                 62             0                       4
87                 71             2                       5
87                 85             3                       9
87                 89             4                       10
87                 91             1                       4
87                 93             0                       2
87                 94             3                       8
88                 12             4                       4
88                 13             0                       4
88                 14             0                       4
88                 25             0                       2
88                 35             1                       5
88                 38             0                       3
88                 41             4                       10
88                 52             1                       6
88                 65             0                       9
88                 80             3                       7
89                 9             2                       6
89                 22             0                       5
89                 37             0                       10
89                 40             3                       10
89                 63             1                       7
89                 67             0                       8
89                 74             1                       3
89                 86             3                       9
89                 91             1                       9
89                 93             1                       5
90                 17             0                       4
90                 18             3                       9
90                 43             1                       3
90                 46             3                       7
90                 65             2                       7
90                 66             4                       5
90                 75             3                       4
90                 76             2                       4
90                 77             3                       8
90                 86             3                       5
91                 3             0                       1
91                 5             4                       8
91                 16             0                       10
91                 35             3                       6
91                 80             3                       8
91                 81             3                       8
91                 83             1                       5
91                 98             3                       9
91                 99             0                       3
91                 100             0                       3
92                 18             3                       10
92                 29             4                       10
92                 67             0                       2
92                 81             2                       6
92                 89             2                       3
92                 93             2                       8
92                 95             0                       7
92                 96             3                       4
92                 97             3                       4
92                 99             4                       10
93                 4             2                       6
93                 11             2                       10
93                 16             2                       5
93                 24             3                       5
93                 45             4                       10
93                 62             3                       9
93                 68             0                       6
93                 69             0                       6
93                 72             2                       10
93                 76             4                       10
94                 9             3                       10
94                 35             0                       10
94                 77             4                       6
94                 78             3                       10
94                 84             1                       4
94                 90             2                       7
94                 91             2                       6
94                 94             3                       9
94                 95             2                       8
94                 96             3                       10
95                 1             3                       4
95                 2             1                       6
95                 4             4                       10
95                 16             3                       3
95                 22             2                       8
95                 51             1                       2
95                 55             4                       6
95                 65             0                       2
95                 68             4                       10
95                 71             4                       10
96                 3             0                       2
96                 23             1                       10
96                 32             2                       3
96                 39             3                       9
96                 51             4                       10
96                 58             4                       7
96                 80             4                       10
96                 84             2                       7
96                 88             0                       2
96                 89             0                       7
97                 4             0                       7
97                 21             3                       9
97                 28             0                       5
97                 30             2                       6
97                 31             3                       7
97                 35             2                       8
97                 36             2                       6
97                 37             2                       7
97                 55             1                       7
97                 65             1                       10
98                 8             2                       2
98                 16             3                       8
98                 20             0                       5
98                 30             1                       2
98                 34             1                       7
98                 44             2                       1
98                 74             1                       4
98                 80             0                       6
98                 87             0                       5
98                 93             4                       7
99                 3             3                       10
99                 13             0                       6
99                 38             2                       8
99                 67             3                       3
99                 93             0                       3
99                 94             0                       2
99                 96             3                       9
99                 98             0                       2
99                 99             3                       4
99                 100             0                       9
100                 5             3                       9
100                 24             0                       1
100                 49             4                       10
100                 61             4                       10
100                 63             1                       4
100                 69             0                       3
100                 82             2                       7
100                 87             2                       7
100                 91             0                       2
100                 92             2                       7