14
1                 31             0                       8
1                 44             2                       4
1                 76             4                       6
1                 79             3                       3
1                 95             2                       1
1                 96             3                       9
1                 97             1                       8
1                 98             4                       1
1                 99             1                       4
1                 100             1                       4
2                 8             3                       9
2                 12             1                       1
2                 23             2                       1
2                 40             2                       2
2                 51             0                       4
2                 53             2                       2
2                 55             4                       6
2                 61             2                       9
2                 65             4                       4
2                 69             0                       8
3                 21             3                       4
3                 28             0                       3
3                 44             4                       7
3                 47             0                       7
3                 49             3                       7
3                 64             1                       1
3                 73             4                       8
3                 74             1                       1
3                 91             0                       8
3                 93             3                       1
4                 1             4                       4
4                 16             0                       5
4                 35             3                       2
4                 38             3                       3
4                 67             1                       7
4                 71             1                       4
4                 80             4                       7
4                 85             0                       2
4                 87             2                       1
4                 99             3                       1
5                 1             2                       5
5                 18             0                       5
5                 32             0                       5
5                 33             4                       1
5                 48             0                       8
5                 55             3                       9
5                 58             3                       2
5                 73             0                       7
5                 82             1                       5
5                 90             0                       6
6                 34             4                       5
6                 43             2                       5
6                 54             1                       1
6                 70             4                       4
6                 74             3                       4
6                 79             2                       1
6                 81             3                       3
6                 83             1                       1
6                 92             4                       5
6                 96             1                       1
7                 6             4                       4
7                 40             3                       4
7                 44             1                       8
7                 52             0                       10
7                 77             1                       7
7                 79             1                       2
7                 86             1                       5
7                 93             4                       7
7                 98             0                       5
7                 100             3                       2
8                 14             0                       8
8                 22             4                       5
8                 63             4                       5
8                 73             1                       1
8                 88             3                       5
8                 95             3                       2
8                 96             0                       5
8                 98             0                       7
8                 99             3                       8
8                 100             3                       6
9                 1             4                       1
9                 8             4                       5
9                 12             3                       4
9                 18             4                       8
9                 19             4                       5
9                 23             0                       5
9                 29             1                       9
9                 32             0                       8
9                 35             2                       8
9                 46             3                       1
10                 1             4                       6
10                 22             0                       7
10                 33             0                       8
10                 39             2                       9
10                 45             0                       4
10                 55             3                       1
10                 66             0                       8
10                 85             4                       6
10                 86             0                       8
10                 91             4                       2
11                 2             0                       2
11                 14             3                       3
11                 37             3                       2
11                 40             0                       3
11                 49             4                       4
11                 74             2                       6
11                 82             1                       1
11                 83             1                       3
11                 94             0                       3
11                 95             3                       7
12                 11             2                       5
12                 26             1                       7
12                 27             1                       9
12                 42             4                       1
12                 58             4                       3
12                 60             1                       6
12                 74             0                       7
12                 95             0                       8
12                 98             3                       8
12                 100             0                       7
13                 6             3                       1
13                 10             4                       1
13                 18             0                       6
13                 19             3                       8
13                 27             0                       3
13                 49             3                       1
13                 50             3                       8
13                 66             3                       1
13                 69             1                       5
13                 86             4                       1
14                 5             4                       5
14                 7             1                       1
14                 21             2                       1
14                 27             1                       8
14                 62             3                       7
14                 74             0                       2
14                 88             3                       1
14                 90             0                       9
14                 91             4                       3
14                 93             0                       6
15                 8             3                       10
15                 18             2                       1
15                 33             3                       5
15                 41             1                       10
15                 57             1                       8
15                 59             4                       1
15                 73             0                       2
15                 88             2                       6
15                 89             2                       1
15                 97             1                       9
16                 4             1                       5
16                 13             1                       6
16                 16             4                       7
16                 25             1                       2
16                 45             2                       6
16                 46             3                       9
16                 47             3                       1
16                 50             0                       9
16                 61             1                       1
16                 62             1                       1
17                 28             4                       4
17                 53             1                       4
17                 63             0                       7
17                 72             1                       6
17                 83             0                       4
17                 92             2                       8
17                 95             0                       9
17                 97             1                       10
17                 98             0                       10
17                 99             3                       2
18                 6             3                       9
18                 13             3                       2
18                 25             2                       3
18                 26             4                       1
18                 57             1                       1
18                 63             1                       1
18                 79             0                       4
18                 85             2                       7
18                 87             3                       4
18                 89             2                       3
19                 5             4                       1
19                 14             3                       1
19                 35             2                       9
19                 46             0                       5
19                 60             0                       4
19                 68             4                       1
19                 71             1                       7
19                 74             3                       8
19                 79             2                       7
19                 81             3                       4
20                 28             2                       1
20                 31             1                       10
20                 37             2                       6
20                 41             1                       5
20                 42             3                       3
20                 48             1                       1
20                 59             0                       9
20                 61             0                       5
20                 69             3                       2
20                 73             3                       10
21                 5             0                       6
21                 23             2                       7
21                 32             2                       1
21                 39             1                       8
21                 40             1                       1
21                 46             4                       3
21                 49             3                       2
21                 67             3                       10
21                 80             3                       4
21                 87             2                       8
22                 9             0                       7
22                 45             3                       5
22                 52             3                       5
22                 58             2                       7
22                 65             1                       5
22                 71             2                       1
22                 72             0                       10
22                 92             1                       9
22                 97             1                       2
22                 98             1                       4
23                 4             3                       2
23                 8             1                       6
23                 12             0                       5
23                 16             3                       9
23                 41             4                       2
23                 42             3                       8
23                 44             0                       5
23                 45             1                       8
23                 46             3                       6
23                 72             2                       7
24                 11             3                       2
24                 13             3                       5
24                 35             2                       3
24                 51             0                       5
24                 55             2                       2
24                 56             1                       8
24                 68             1                       7
24                 90             3                       1
24                 95             3                       3
24                 97             3                       3
25                 5             0                       7
25                 11             1                       7
25                 23             4                       6
25                 25             1                       8
25                 26             0                       6
25                 36             4                       1
25                 42             4                       9
25                 49             1                       5
25                 55             1                       5
25                 58             0                       1
26                 4             4                       7
26                 10             4                       4
26                 25             3                       4
26                 32             4                       6
26                 37             1                       7
26                 50             3                       10
26                 69             4                       3
26                 70             0                       7
26                 71             4                       5
26                 72             2                       4
27                 3             0                       3
27                 5             4                       8
27                 6             1                       5
27                 9             0                       9
27                 11             4                       3
27                 29             2                       7
27                 30             3                       1
27                 34             0                       3
27                 53             1                       5
27                 59             2                       3
28                 12             0                       2
28                 13             2                       7
28                 14             2                       9
28                 20             0                       5
28                 22             2                       9
28                 28             2                       8
28                 29             0                       5
28                 32             3                       9
28                 33             4                       6
28                 34             1                       1
29                 9             0                       1
29                 20             2                       1
29                 21             3                       2
29                 44             0                       1
29                 63             2                       9
29                 70             2                       8
29                 74             0                       5
29                 75             0                       10
29                 77             3                       1
29                 89             4                       5
30                 4             1                       8
30                 21             1                       5
30                 26             3                       2
30                 27             2                       4
30                 31             2                       5
30                 47             4                       8
30                 54             2                       10
30                 61             0                       6
30                 67             1                       1
30                 79             1                       5
31                 3             1                       9
31                 14             1                       4
31                 25             1                       7
31                 30             3                       8
31                 44             1                       2
31                 59             0                       4
31                 63             3                       2
31                 66             2                       4
31                 81             3                       9
31                 83             0                       5
32                 3             3                       4
32                 8             3                       2
32                 13             3                       1
32                 14             1                       10
32                 27             1                       5
32                 35             1                       4
32                 40             3                       7
32                 55             3                       7
32                 57             0                       2
32                 63             4                       10
33                 9             2                       2
33                 20             1                       9
33                 22             3                       1
33                 28             2                       5
33                 30             2                       9
33                 36             3                       5
33                 57             0                       5
33                 61             4                       8
33                 78             3                       7
33                 83             1                       10
34                 23             4                       3
34                 24             4                       6
34                 36             2                       9
34                 42             3                       5
34                 43             0                       6
34                 48             0                       6
34                 50             0                       1
34                 59             3                       6
34                 92             2                       6
34                 93             1                       3
35                 7             3                       3
35                 10             2                       8
35                 20             4                       3
35                 34             2                       9
35                 40             2                       5
35                 56             1                       9
35                 58             4                       5
35                 71             4                       8
35                 77             2                       4
35                 85             2                       3
36                 6             2                       6
36                 7             4                       2
36                 25             0                       5
36                 35             2                       5
36                 43             3                       3
36                 86             2                       2
36                 92             1                       1
36                 94             4                       1
36                 96             2                       2
36                 97             0                       1
37                 33             2                       9
37                 38             3                       1
37                 46             4                       7
37                 47             4                       2
37                 57             3                       3
37                 66             1                       2
37                 78             3                       1
37                 80             3                       10
37                 82             0                       3
37                 91             1                       9
38                 11             2                       8
38                 17             3                       5
38                 24             0                       4
38                 29             3                       8
38                 41             3                       3
38                 54             2                       3
38                 76             1                       7
38                 82             4                       2
38                 84             3                       3
38                 86             4                       9
39                 4             2                       6
39                 5             0                       2
39                 6             3                       2
39                 9             0                       3
39                 13             0                       8
39                 35             3                       6
39                 38             3                       5
39                 64             0                       4
39                 70             1                       3
39                 86             2                       3
40                 21             1                       6
40                 31             1                       6
40                 53             3                       1
40                 56             3                       4
40                 57             0                       4
40                 62             0                       2
40                 70             3                       5
40                 72             1                       2
40                 84             4                       4
40                 87             1                       5
41                 2             1                       1
41                 19             1                       2
41                 24             4                       1
41                 34             1                       2
41                 40             3                       8
41                 44             0                       3
41                 51             1                       1
41                 61             4                       10
41                 80             0                       5
41                 84             3                       2
42                 17             2                       10
42                 32             0                       2
42                 34             4                       10
42                 63             2                       6
42                 69             4                       9
42                 70             4                       9
42                 80             2                       1
42                 87             1                       6
42                 88             3                       2
42                 90             3                       10
43                 4             0                       1
43                 10             3                       5
43                 29             0                       1
43                 30             4                       6
43                 36             4                       6
43                 59             1                       5
43                 84             1                       5
43                 89             1                       6
43                 91             3                       4
43                 99             2                       3
44                 8             4                       7
44                 15             1                       8
44                 16             0                       8
44                 18             2                       2
44                 21             0                       3
44                 28             1                       2
44                 61             0                       2
44                 75             3                       5
44                 87             4                       9
44                 90             4                       2
45                 25             4                       9
45                 27             0                       1
45                 40             3                       9
45                 44             3                       9
45                 52             0                       8
45                 54             3                       7
45                 58             1                       6
45                 64             0                       5
45                 75             4                       1
45                 82             2                       4
46                 4             3                       9
46                 5             2                       9
46                 6             3                       7
46                 22             1                       3
46                 78             4                       3
46                 84             3                       6
46                 86             1                       4
46                 96             3                       6
46                 99             3                       5
46                 100             4                       10
47                 2             2                       3
47                 21             0                       9
47                 28             4                       9
47                 76             2                       3
47                 80             2                       8
47                 82             3                       6
47                 84             4                       9
47                 88             1                       7
47                 92             1                       2
47                 93             3                       10
48                 3             4                       7
48                 8             1                       3
48                 18             1                       4
48                 23             4                       8
48                 42             0                       10
48                 56             4                       6
48                 67             2                       6
48                 75             3                       6
48                 76             3                       8
48                 77             3                       5
49                 2             3                       6
49                 24             0                       2
49                 37             3                       1
49                 59             3                       7
49                 66             0                       5
49                 81             3                       10
49                 83             1                       2
49                 85             1                       1
49                 87             4                       10
49                 91             3                       5
50                 6             3                       8
50                 9             4                       4
50                 13             1                       3
50                 17             1                       1
50                 19             4                       3
50                 20             2                       6
50                 29             3                       6
50                 36             1                       2
50                 37             2                       3
50                 42             2                       4
51                 10             2                       6
51                 16             4                       10
51                 22             1                       2
51                 32             4                       3
51                 53             0                       6
51                 65             4                       6
51                 80             3                       9
51                 81             4                       5
51                 82             4                       7
51                 93             2                       2
52                 6             2                       3
52                 35             2                       1
52                 43             3                       1
52                 48             4                       10
52                 49             0                       6
52                 50             0                       2
52                 61             1                       7
52                 65             4                       2
52                 83             1                       6
52                 92             1                       3
53                 3             0                       1
53                 11             2                       4
53                 15             2                       4
53                 33             2                       7
53                 39             1                       1
53                 42             2                       6
53                 43             4                       8
53                 45             3                       7
53                 56             2                       10
53                 58             4                       8
54                 28             2                       10
54                 36             1                       10
54                 39             0                       4
54                 53             2                       3
54                 60             4                       5
54                 68             2                       8
54                 69             3                       6
54                 70             0                       1
54                 89             2                       9
54                 95             1                       5
55                 3             1                       5
55                 12             4                       3
55                 41             1                       6
55                 46             2                       4
55                 48             2                       7
55                 56             0                       1
55                 59             4                       10
55                 66             0                       3
55                 74             2                       3
55                 76             3                       1
56                 2             1                       4
56                 19             4                       6
56                 41             3                       7
56                 61             0                       3
56                 62             3                       4
56                 64             2                       7
56                 65             4                       7
56                 71             3                       2
56                 76             2                       4
56                 85             3                       10
57                 3             2                       10
57                 7             4                       8
57                 42             0                       2
57                 46             2                       10
57                 52             0                       1
57                 54             4                       5
57                 66             3                       9
57                 67             0                       2
57                 82             0                       8
57                 89             0                       2
58                 23             1                       4
58                 26             0                       3
58                 39             3                       5
58                 52             4                       2
58                 66             2                       6
58                 79             0                       8
58                 89             0                       7
58                 90             3                       7
58                 93             1                       4
58                 95             0                       4
59                 14             1                       5
59                 17             2                       2
59                 41             3                       8
59                 48             2                       2
59                 50             2                       5
59                 55             1                       8
59                 65             4                       8
59                 67             0                       3
59                 84             3                       7
59                 91             3                       10
60                 21             0                       8
60                 30             1                       2
60                 55             1                       3
60                 80             1                       3
60                 85             3                       4
60                 89             2                       8
60                 90             4                       8
60                 97             3                       4
60                 99             4                       9
60                 100             1                       8
61                 15             3                       1
61                 38             4                       6
61                 60             4                       8
61                 61             1                       4
61                 63             3                       8
61                 64             3                       6
61                 72             3                       8
61                 76             1                       5
61                 83             1                       7
61                 99             4                       6
62                 4             1                       3
62                 16             3                       1
62                 29             2                       2
62                 32             4                       10
62                 33             1                       3
62                 50             4                       6
62                 54             3                       8
62                 56             0                       2
62                 63             1                       3
62                 69             1                       10
63                 2             1                       5
63                 6             4                       10
63                 8             3                       8
63                 39             1                       6
63                 42             4                       7
63                 53             3                       7
63                 64             4                       9
63                 65             4                       1
63                 72             4                       1
63                 75             3                       4
64                 34             3                       7
64                 35             2                       7
64                 36             3                       7
64                 59             2                       2
64                 68             4                       2
64                 73             0                       6
64                 78             3                       4
64                 80             0                       2
64                 87             2                       2
64                 88             3                       3
65                 4             2                       4
65                 7             1                       6
65                 26             2                       5
65                 36             1                       3
65                 39             4                       7
65                 47             2                       4
65                 52             1                       9
65                 64             0                       2
65                 68             2                       3
65                 73             0                       3
66                 10             4                       9
66                 11             3                       6
66                 17             2                       6
66                 19             1                       9
66                 20             4                       4
66                 27             1                       6
66                 31             3                       9
66                 51             1                       2
66                 55             4                       10
66                 60             3                       3
67                 8             0                       1
67                 20             3                       8
67                 36             1                       4
67                 38             1                       4
67                 41             3                       9
67                 45             4                       9
67                 50             1                       4
67                 76             2                       2
67                 78             4                       5
67                 94             2                       6
68                 12             1                       8
68                 18             0                       3
68                 27             1                       2
68                 31             4                       3
68                 34             0                       4
68                 40             2                       10
68                 69             4                       1
68                 75             1                       7
68                 78             3                       8
68                 83             3                       8
69                 1             4                       3
69                 14             3                       7
69                 19             2                       10
69                 28             2                       6
69                 38             1                       7
69                 43             2                       9
69                 44             2                       10
69                 45             2                       1
69                 49             2                       3
69                 54             3                       9
70                 15             3                       5
70                 17             2                       7
70                 30             2                       4
70                 33             1                       4
70                 39             0                       2
70                 55             1                       4
70                 64             1                       3
70                 68             4                       4
70                 71             4                       9
70                 75             3                       8
71                 1             4                       2
71                 7             1                       4
71                 11             4                       9
71                 17             2                       8
71                 29             0                       3
71                 33             0                       2
71                 56             0                       3
71                 58             4                       9
71                 77             1                       6
71                 88             1                       8
72                 9             2                       5
72                 16             2                       6
72                 24             2                       8
72                 39             0                       3
72                 48             0                       5
72                 70             2                       6
72                 81             4                       6
72                 84             2                       8
72                 96             4                       7
72                 100             3                       1
73                 15             4                       10
73                 32             1                       4
73                 37             3                       8
73                 47             3                       9
73                 65             0                       9
73                 71             2                       10
73                 81             2                       7
73                 82             4                       9
73                 85             3                       8
73                 94             2                       4
74                 13             4                       10
74                 20             2                       7
74                 37             3                       4
74                 52             2                       7
74                 60             4                       9
74                 68             4                       9
74                 76             4                       9
74                 91             3                       6
74                 92             4                       7
74                 98             2                       6
75                 10             3                       10
75                 24             2                       7
75                 43             4                       4
75                 46             3                       8
75                 54             1                       6
75                 60             2                       1
75                 64             3                       8
75                 68             3                       6
75                 73             3                       9
75                 87             1                       3
76                 16             0                       2
76                 27             3                       7
76                 65             3                       10
76                 67             3                       4
76                 93             3                       8
76                 96             3                       8
76                 97             1                       5
76                 98             3                       2
76                 99             4                       10
76                 100             2                       3
77                 5             4                       10
77                 11             4                       10
77                 19             1                       4
77                 21             1                       10
77                 22             0                       4
77                 45             4                       10
77                 50             4                       7
77                 54             0                       2
77                 58             1                       4
77                 77             4                       9
78                 7             3                       7
78                 12             4                       9
78                 57             3                       9
78                 62             4                       5
78                 69             3                       7
78                 75             2                       9
78                 77             4                       10
78                 79             1                       6
78                 85             3                       9
78                 88             4                       10
79                 1             3                       7
79                 12             0                       10
79                 15             1                       7
79                 16             1                       4
79                 19             3                       7
79                 25             1                       6
79                 26             4                       4
79                 30             4                       5
79                 31             3                       1
79                 43             3                       7
80                 1             4                       8
80                 3             1                       6
80                 7             4                       9
80                 14             1                       6
80                 24             1                       3
80                 32             3                       7
80                 62             4                       6
80                 72             3                       5
80                 90             0                       3
80                 94             1                       2
81                 29             4                       4
81                 30             0                       7
81                 40             1                       6
81                 51             0                       9
81                 53             4                       9
81                 56             3                       5
81                 63             0                       4
81                 65             1                       3
81                 77             0                       8
81                 89             1                       4
82                 2             4                       9
82                 12             1                       6
82                 31             0                       2
82                 38             0                       8
82                 44             1                       6
82                 50             4                       3
82                 52             0                       3
82                 57             0                       10
82                 60             3                       7
82                 68             2                       5
83                 17             1                       9
83                 27             4                       10
83                 54             0                       4
83                 59             3                       8
83                 60             0                       2
83                 79             1                       9
83                 86             0                       6
83                 94             1                       7
83                 96             4                       10
83                 97             2                       7
84                 2             2                       8
84                 35             4                       10
84                 51             1                       6
84                 62             1                       3
84                 66             1                       7
84                 81             3                       8
84                 82             4                       10
84                 85             2                       5
84                 89             4                       10
84                 91             3                       7
85                 2             1                       7
85                 3             1                       2
85                 4             4                       10
85                 10             3                       7
85                 14             0                       2
85                 38             3                       9
85                 39             4                       10
85                 46             1                       2
85                 47             2                       5
85                 51             3                       10
86                 9             4                       10
86                 34             3                       8
86                 38             3                       10
86                 47             0                       10
86                 48             3                       9
86                 56             2                       7
86                 66             3                       10
86                 71             2                       6
86                 72             3                       9
86                 88             2                       4
87                 12             2                       7
87                 22             2                       6
87                 34             2                       6
87                 47             0                       3
87                 51             2                       7
87                 57             3                       6
87                 78             4                       9
87                 92             4                       4
87                 93             0                       9
87                 100             2                       5
88                 3             2                       8
88                 7             0                       10
88                 15             0                       9
88                 41             0                       1
88                 48             3                       3
88                 51             2                       8
88                 67             0                       5
88                 77             0                       2
88                 84             3                       10
88                 92             2                       10
89                 9             0                       8
89                 10             2                       2
89                 15             0                       2
89                 24             0                       9
89                 28             3                       7
89                 49             4                       8
89                 51             3                       3
89                 60             2                       10
89                 62             4                       8
89                 75             0                       2
90                 7             0                       5
90                 8             1                       4
90                 10             3                       3
90                 13             3                       9
90                 17             0                       3
90                 18             2                       7
90                 26             4                       8
90                 30             1                       3
90                 31             2                       4
90                 52             1                       6
91                 13             1                       4
91                 24             4                       10
91                 53             3                       8
91                 78             1                       6
91                 94             4                       9
91                 96             1                       3
91                 97             3                       6
91                 98             3                       9
91                 99             1                       7
91                 100             3                       9
92                 1             4                       9
92                 20             1                       10
92                 22             4                       10
92                 45             1                       2
92                 64             4                       10
92                 83             1                       9
92                 86             2                       7
92                 90             1                       5
92                 94             0                       10
92                 95             4                       10
93                 11             4                       1
93                 18             3                       10
93                 23             1                       9
93                 24             1                       5
93                 26             4                       9
93                 41             3                       4
93                 49             4                       9
93                 57             1                       7
93                 62             4                       9
93                 77             0                       3
94                 1             2                       10
94                 25             4                       10
94                 37             3                       9
94                 52             3                       4
94                 58             1                       10
94                 67             3                       8
94                 70             2                       10
94                 78             1                       2
94                 88             3                       9
94                 91             4                       1
95                 9             1                       6
95                 15             0                       3
95                 16             2                       3
95                 19             0                       1
95                 25             1                       1
95                 29             4                       10
95                 36             2                       8
95                 62             3                       10
95                 74             3                       9
95                 76             4                       10
96                 5             4                       3
96                 30             4                       10
96                 47             2                       6
96                 67             4                       9
96                 72             3                       3
96                 73             2                       4
96                 74             1                       10
96                 94             1                       5
96                 95             0                       6
96                 98             2                       3
97                 5             0                       4
97                 20             0                       2
97                 21             1                       7
97                 37             0                       10
97                 43             4                       10
97                 45             4                       3
97                 49             4                       10
97                 68             2                       10
97                 81             0                       1
97                 90             0                       4
98                 2             4                       10
98                 17             1                       4
98                 18             3                       9
98                 23             0                       2
98                 26             0                       10
98                 31             2                       7
98                 33             4                       10
98                 69             1                       4
98                 78             4                       10
98                 79             3                       10
99                 15             1                       6
99                 23             4                       10
99                 48             0                       4
99                 70             3                       2
99                 73             0                       5
99                 81             3                       2
99                 86             4                       10
99                 93             1                       5
99                 94             3                       8
99                 96             0                       4
100                 22             3                       8
100                 37             2                       5
100                 38             0                       2
100                 43             1                       2
100                 53             4                       10
100                 71             1                       3
100                 75             0                       3
100                 80             2                       6
100                 84             0                       1
100                 87             2                       7