14
1                 10             2                       10
1                 11             3                       1
1                 32             1                       10
1                 40             2                       1
1                 44             3                       6
1                 73             0                       8
1                 78             1                       1
1                 81             3                       1
1                 93             2                       4
1                 94             4                       4
2                 7             2                       1
2                 12             0                       6
2                 23             1                       1
2                 40             0                       5
2                 46             1                       7
2                 48             2                       2
2                 55             0                       6
2                 57             0                       5
2                 64             4                       1
2                 67             1                       1
3                 6             4                       3
3                 19             0                       6
3                 25             1                       4
3                 35             0                       5
3                 42             1                       1
3                 47             0                       4
3                 52             1                       1
3                 57             1                       1
3                 61             3                       2
3                 63             1                       4
4                 4             0                       6
4                 14             1                       10
4                 17             4                       5
4                 23             3                       4
4                 29             4                       6
4                 34             2                       9
4                 38             3                       6
4                 50             0                       9
4                 65             4                       6
4                 72             1                       8
5                 2             2                       3
5                 7             4                       4
5                 16             0                       2
5                 24             1                       1
5                 26             0                       9
5                 34             4                       6
5                 40             1                       10
5                 61             4                       4
5                 74             0                       9
5                 81             0                       5
6                 4             0                       5
6                 9             0                       9
6                 44             0                       8
6                 46             1                       8
6                 49             0                       3
6                 92             3                       1
6                 93             1                       8
6                 94             0                       7
6                 98             2                       7
6                 99             0                       5
7                 2             0                       8
7                 15             4                       3
7                 19             4                       1
7                 42             0                       5
7                 43             4                       7
7                 45             0                       5
7                 81             3                       2
7                 85             4                       1
7                 98             0                       8
7                 100             2                       8
8                 8             3                       1
8                 10             4                       7
8                 25             1                       1
8                 31             2                       7
8                 39             2                       8
8                 42             2                       2
8                 64             0                       7
8                 67             1                       7
8                 71             2                       8
8                 73             0                       1
9                 3             0                       10
9                 6             1                       6
9                 15             3                       4
9                 27             4                       1
9                 43             0                       8
9                 44             4                       1
9                 48             3                       1
9                 53             1                       5
9                 59             0                       5
9                 76             0                       6
10                 49             1                       1
10                 59             4                       7
10                 83             2                       5
10                 84             1                       1
10                 90             3                       3
10                 95             0                       6
10                 97             3                       4
10                 98             3                       1
10                 99             4                       1
10                 100             0                       6
11                 5             3                       1
11                 17             4                       6
11                 18             2                       1
11                 21             0                       5
11                 31             4                       1
11                 39             0                       10
11                 40             3                       7
11                 50             3                       4
11                 51             0                       8
11                 59             1                       9
12                 1             0                       4
12                 13             3                       1
12                 43             3                       9
12                 50             1                       10
12                 65             1                       7
12                 80             2                       4
12                 85             2                       7
12                 91             3                       4
12                 92             1                       4
12                 94             2                       8
13                 11             3                       9
13                 17             0                       7
13                 19             0                       9
13                 31             3                       8
13                 42             2                       8
13                 46             1                       9
13                 54             4                       6
13                 64             4                       2
13                 72             4                       1
13                 75             4                       6
14                 1             2                       1
14                 7             0                       7
14                 18             2                       6
14                 19             3                       10
14                 32             0                       2
14                 38             3                       1
14                 45             3                       1
14                 47             2                       7
14                 56             4                       6
14                 65             0                       8
15                 10             1                       3
15                 31             4                       6
15                 34             0                       7
15                 49             4                       2
15                 52             3                       9
15                 61             3                       8
15                 71             2                       1
15                 88             4                       1
15                 97             0                       7
15                 100             3                       1
16                 14             2                       8
16                 16             1                       1
16                 17             4                       8
16                 22             1                       6
16                 45             1                       2
16                 46             4                       10
16                 47             2                       1
16                 48             2                       7
16                 55             1                       1
16                 59             3                       10
17                 5             0                       8
17                 7             1                       8
17                 19             2                       5
17                 24             0                       4
17                 26             4                       1
17                 27             2                       8
17                 43             0                       6
17                 53             2                       1
17                 56             3                       8
17                 89             2                       8
18                 2             2                       9
18                 12             1                       1
18                 23             2                       7
18                 26             3                       2
18                 43             1                       5
18                 44             1                       4
18                 45             0                       6
18                 59             2                       6
18                 82             2                       9
18                 84             4                       2
19                 9             0                       6
19                 26             1                       7
19                 36             4                       4
19                 55             2                       7
19                 65             0                       1
19                 72             3                       4
19                 79             3                       2
19                 90             3                       5
19                 93             1                       1
19                 99             4                       4
20                 6             4                       7
20                 13             4                       6
20                 25             4                       6
20                 39             0                       4
20                 46             4                       3
20                 58             3                       3
20                 71             4                       3
20                 74             4                       1
20                 86             3                       1
20                 89             4                       5
21                 3             0                       6
21                 32             1                       9
21                 39             4                       1
21                 68             4                       2
21                 73             3                       2
21                 84             1                       3
21                 89             0                       2
21                 97             2                       1
21                 98             3                       5
21                 99             0                       8
22                 32             1                       3
22                 35             0                       10
22                 62             4                       3
22                 80             2                       10
22                 81             0                       8
22                 91             3                       10
22                 93             0                       5
22                 96             1                       9
22                 98             4                       9
22                 99             3                       6
23                 3             3                       1
23                 6             4                       4
23                 11             3                       2
23                 25             3                       7
23                 27             0                       5
23                 28             0                       4
23                 30             1                       1
23                 33             2                       6
23                 38             3                       5
23                 39             0                       2
24                 4             2                       1
24                 20             1                       6
24                 21             4                       4
24                 23             0                       2
24                 56             0                       4
24                 60             3                       1
24                 76             2                       1
24                 86             2                       10
24                 87             1                       6
24                 95             0                       7
25                 2             0                       1
25                 4             3                       2
25                 9             0                       1
25                 19             4                       7
25                 22             1                       1
25                 51             4                       1
25                 63             2                       1
25                 77             0                       8
25                 79             0                       9
25                 83             4                       1
26                 21             4                       2
26                 51             4                       4
26                 85             4                       4
26                 94             1                       2
26                 95             0                       8
26                 96             4                       1
26                 97             3                       8
26                 98             0                       2
26                 99             1                       9
26                 100             3                       9
27                 7             0                       2
27                 30             4                       5
27                 31             4                       2
27                 41             0                       6
27                 56             1                       1
27                 58             2                       9
27                 65             4                       9
27                 72             2                       6
27                 90             2                       6
27                 91             4                       6
28                 20             0                       9
28                 49             3                       4
28                 52             3                       10
28                 55             2                       8
28                 66             4                       3
28                 88             0                       7
28                 89             1                       3
28                 93             1                       2
28                 95             4                       9
28                 96             4                       4
29                 8             3                       2
29                 13             0                       5
29                 30             0                       2
29                 36             4                       3
29                 45             0                       3
29                 63             1                       5
29                 68             1                       8
29                 72             3                       7
29                 79             2                       10
29                 80             2                       8
30                 3             0                       8
30                 10             1                       1
30                 13             2                       2
30                 37             2                       10
30                 56             3                       5
30                 65             2                       5
30                 75             3                       9
30                 80             2                       1
30                 84             0                       10
30                 86             2                       6
31                 1             3                       8
31                 15             1                       9
31                 19             3                       2
31                 20             2                       3
31                 21             1                       8
31                 25             3                       8
31                 33             3                       4
31                 35             1                       1
31                 37             4                       6
31                 41             1                       8
32                 11             0                       4
32                 30             1                       10
32                 36             4                       5
32                 53             2                       4
32                 55             2                       10
32                 61             3                       5
32                 72             1                       2
32                 81             4                       3
32                 85             1                       8
32                 87             4                       5
33                 6             4                       8
33                 38             3                       7
33                 84             0                       4
33                 86             0                       7
33                 90             1                       7
33                 91             0                       5
33                 94             2                       9
33                 96             2                       7
33                 97             1                       9
33                 100             0                       2
34                 5             1                       2
34                 18             3                       7
34                 28             4                       1
34                 35             2                       6
34                 54             0                       8
34                 62             2                       7
34                 80             3                       5
34                 93             0                       6
34                 97             0                       6
34                 100             4                       10
35                 16             2                       9
35                 21             3                       1
35                 37             1                       1
35                 55             2                       2
35                 56             0                       2
35                 68             2                       3
35                 79             4                       1
35                 82             4                       6
35                 95             3                       1
35                 100             4                       5
36                 31             2                       3
36                 33             0                       7
36                 44             2                       7
36                 46             4                       4
36                 54             4                       7
36                 73             1                       3
36                 74             0                       2
36                 77             2                       1
36                 80             4                       6
36                 97             1                       5
37                 28             1                       8
37                 60             3                       2
37                 67             0                       4
37                 78             1                       8
37                 83             4                       2
37                 87             4                       1
37                 95             4                       10
37                 97             4                       10
37                 99             3                       7
37                 100             1                       3
38                 1             4                       5
38                 18             1                       8
38                 24             2                       5
38                 27             2                       6
38                 46             2                       6
38                 47             3                       2
38                 51             2                       3
38                 88             3                       2
38                 92             3                       5
38                 96             3                       6
39                 26             3                       3
39                 33             0                       8
39                 38             2                       8
39                 44             4                       9
39                 48             3                       8
39                 52             4                       7
39                 56             1                       7
39                 63             3                       2
39                 68             1                       4
39                 80             0                       7
40                 1             1                       6
40                 5             0                       3
40                 8             2                       6
40                 20             1                       7
40                 28             4                       5
40                 37             0                       2
40                 57             2                       9
40                 61             2                       6
40                 62             3                       4
40                 77             1                       2
41                 1             3                       3
41                 2             1                       4
41                 3             4                       2
41                 12             0                       4
41                 32             3                       4
41                 37             0                       3
41                 61             0                       7
41                 63             2                       6
41                 70             4                       1
41                 76             2                       4
42                 21             2                       9
42                 23             3                       6
42                 25             4                       9
42                 43             2                       1
42                 48             2                       3
42                 64             2                       6
42                 67             2                       8
42                 71             0                       4
42                 84             1                       7
42                 87             4                       7
43                 11             0                       5
43                 19             0                       3
43                 27             2                       2
43                 31             4                       9
43                 41             4                       2
43                 71             3                       5
43                 73             0                       7
43                 82             2                       1
43                 84             0                       8
43                 85             4                       9
44                 10             3                       4
44                 20             2                       4
44                 35             4                       2
44                 36             2                       7
44                 37             3                       4
44                 52             0                       2
44                 55             4                       9
44                 63             2                       3
44                 64             0                       3
44                 70             4                       5
45                 1             0                       2
45                 24             1                       7
45                 30             3                       3
45                 47             3                       8
45                 49             3                       5
45                 58             1                       8
45                 63             2                       7
45                 69             3                       1
45                 83             2                       6
45                 86             3                       8
46                 8             4                       9
46                 15             2                       10
46                 40             2                       8
46                 42             4                       6
46                 56             4                       9
46                 57             1                       3
46                 60             0                       5
46                 74             0                       8
46                 92             3                       6
46                 98             0                       6
47                 3             0                       3
47                 20             1                       5
47                 28             3                       7
47                 29             4                       1
47                 51             3                       5
47                 53             0                       6
47                 65             3                       10
47                 70             2                       8
47                 71             3                       6
47                 87             4                       8
48                 8             2                       3
48                 9             3                       2
48                 11             4                       10
48                 14             1                       6
48                 17             4                       1
48                 22             3                       3
48                 25             0                       2
48                 33             3                       1
48                 35             1                       7
48                 37             0                       8
49                 8             2                       4
49                 15             4                       5
49                 22             2                       4
49                 26             1                       8
49                 34             4                       1
49                 38             0                       9
49                 55             0                       3
49                 58             2                       4
49                 72             0                       9
49                 77             0                       10
50                 3             3                       9
50                 9             1                       3
50                 36             4                       8
50                 43             4                       2
50                 45             1                       4
50                 51             3                       9
50                 52             4                       8
50                 78             2                       6
50                 90             3                       8
50                 96             0                       2
51                 3             2                       7
51                 6             1                       9
51                 14             1                       1
51                 24             0                       2
51                 32             2                       7
51                 38             0                       10
51                 41             4                       3
51                 42             3                       7
51                 54             2                       9
51                 67             2                       5
52                 20             2                       8
52                 38             3                       2
52                 69             4                       3
52                 70             4                       6
52                 82             1                       8
52                 83             4                       7
52                 91             2                       7
52                 98             4                       10
52                 99             0                       2
52                 100             1                       4
53                 6             4                       1
53                 9             4                       4
53                 11             3                       6
53                 13             0                       3
53                 20             0                       1
53                 34             0                       10
53                 37             3                       9
53                 44             1                       5
53                 45             2                       8
53                 47             2                       5
54                 5             3                       9
54                 11             3                       7
54                 16             1                       4
54                 17             3                       9
54                 22             2                       7
54                 28             1                       2
54                 34             2                       2
54                 35             3                       9
54                 41             2                       4
54                 47             3                       6
55                 5             2                       7
55                 16             2                       5
55                 36             3                       9
55                 46             0                       1
55                 49             3                       6
55                 69             1                       9
55                 70             2                       9
55                 82             0                       7
55                 83             2                       8
55                 87             4                       3
56                 18             3                       2
56                 30             2                       7
56                 34             0                       3
56                 49             0                       8
56                 62             3                       8
56                 64             2                       4
56                 66             2                       9
56                 81             2                       4
56                 82             1                       2
56                 90             3                       2
57                 23             4                       10
57                 29             3                       8
57                 41             2                       5
57                 51             3                       6
57                 52             0                       3
57                 54             4                       1
57                 74             0                       3
57                 79             2                       5
57                 81             0                       6
57                 90             4                       9
58                 7             1                       9
58                 29             4                       7
58                 43             0                       3
58                 44             0                       2
58                 45             1                       7
58                 60             3                       3
58                 71             4                       9
58                 88             3                       3
58                 89             2                       6
58                 94             2                       5
59                 13             3                       7
59                 18             4                       9
59                 35             0                       3
59                 56             0                       3
59                 62             4                       5
59                 66             4                       6
59                 72             4                       10
59                 79             1                       8
59                 80             0                       2
59                 86             0                       2
60                 2             1                       6
60                 9             2                       7
60                 17             2                       10
60                 54             3                       10
60                 56             4                       10
60                 61             3                       1
60                 70             0                       10
60                 75             0                       7
60                 84             0                       9
60                 85             2                       5
61                 1             4                       9
61                 8             0                       7
61                 14             2                       2
61                 23             1                       8
61                 46             0                       2
61                 50             0                       1
61                 77             0                       3
61                 82             3                       3
61                 94             4                       1
61                 100             4                       7
62                 17             0                       2
62                 18             1                       3
62                 21             4                       10
62                 39             3                       5
62                 41             1                       9
62                 54             0                       2
62                 57             4                       10
62                 58             4                       10
62                 68             3                       7
62                 69             4                       4
63                 29             2                       2
63                 31             2                       4
63                 40             4                       3
63                 43             0                       4
63                 47             0                       3
63                 66             1                       10
63                 76             1                       7
63                 88             0                       9
63                 95             3                       2
63                 97             3                       2
64                 5             0                       6
64                 6             0                       10
64                 14             1                       3
64                 15             3                       6
64                 18             1                       4
64                 23             0                       3
64                 57             0                       4
64                 84             0                       5
64                 86             4                       4
64                 92             2                       7
65                 14             3                       7
65                 21             3                       6
65                 52             0                       5
65                 66             1                       1
65                 74             2                       4
65                 75             1                       1
65                 78             1                       7
65                 83             3                       4
65                 84             0                       6
65                 95             2                       3
66                 12             3                       5
66                 28             4                       9
66                 53             4                       7
66                 71             4                       10
66                 74             1                       6
66                 89             1                       4
66                 93             1                       7
66                 94             4                       10
66                 96             3                       8
66                 97             0                       3
67                 10             1                       8
67                 12             0                       2
67                 13             3                       10
67                 32             1                       5
67                 44             4                       3
67                 50             4                       2
67                 57             2                       6
67                 58             1                       6
67                 64             3                       5
67                 78             3                       9
68                 42             4                       9
68                 59             3                       8
68                 64             4                       8
68                 66             0                       4
68                 73             0                       9
68                 78             3                       2
68                 88             1                       8
68                 91             2                       1
68                 95             1                       4
68                 96             0                       10
69                 2             3                       7
69                 8             4                       10
69                 10             0                       5
69                 20             3                       10
69                 24             0                       8
69                 28             1                       6
69                 32             2                       8
69                 33             3                       2
69                 75             0                       4
69                 94             4                       6
70                 7             3                       5
70                 10             3                       9
70                 28             0                       3
70                 35             0                       4
70                 37             2                       7
70                 53             0                       2
70                 67             0                       2
70                 73             3                       4
70                 76             0                       5
70                 83             4                       3
71                 2             3                       10
71                 17             4                       4
71                 42             0                       3
71                 47             0                       9
71                 48             3                       4
71                 57             4                       7
71                 64             0                       9
71                 83             4                       9
71                 90             0                       1
71                 91             3                       8
72                 10             1                       6
72                 12             3                       7
72                 15             3                       7
72                 42             1                       4
72                 57             2                       2
72                 60             0                       6
72                 65             4                       4
72                 69             1                       5
72                 76             4                       10
72                 82             1                       4
73                 22             0                       2
73                 52             0                       4
73                 59             2                       1
73                 70             2                       7
73                 76             3                       9
73                 78             1                       3
73                 79             1                       3
73                 82             4                       10
73                 86             3                       9
73                 93             4                       10
74                 4             3                       7
74                 6             0                       2
74                 11             0                       3
74                 14             3                       9
74                 27             4                       7
74                 43             4                       10
74                 58             1                       5
74                 73             0                       5
74                 77             2                       9
74                 87             3                       9
75                 3             0                       4
75                 12             4                       9
75                 14             4                       4
75                 33             2                       5
75                 40             1                       4
75                 50             2                       7
75                 52             1                       6
75                 59             1                       3
75                 60             3                       7
75                 62             0                       1
76                 19             0                       4
76                 25             2                       5
76                 33             3                       9
76                 42             4                       10
76                 54             0                       3
76                 59             4                       4
76                 72             4                       3
76                 78             3                       10
76                 85             4                       2
76                 88             2                       5
77                 5             0                       10
77                 8             0                       8
77                 12             1                       8
77                 16             4                       10
77                 19             3                       8
77                 26             1                       4
77                 40             0                       2
77                 62             0                       2
77                 73             0                       6
77                 75             3                       2
78                 18             4                       10
78                 27             4                       9
78                 29             2                       3
78                 53             0                       3
78                 60             4                       9
78                 69             0                       7
78                 75             0                       3
78                 76             2                       8
78                 79             2                       6
78                 89             2                       9
79                 5             0                       4
79                 7             1                       6
79                 9             4                       10
79                 24             2                       3
79                 25             2                       3
79                 33             0                       3
79                 36             3                       6
79                 39             3                       9
79                 46             4                       5
79                 61             4                       9
80                 1             3                       7
80                 3             1                       5
80                 4             3                       8
80                 36             3                       10
80                 40             3                       6
80                 65             4                       2
80                 74             1                       7
80                 81             4                       9
80                 87             2                       10
80                 96             1                       5
81                 11             4                       8
81                 22             1                       9
81                 39             1                       3
81                 50             1                       8
81                 57             2                       8
81                 66             1                       5
81                 67             0                       6
81                 68             1                       9
81                 89             1                       1
81                 90             3                       10
82                 22             3                       10
82                 27             0                       3
82                 29             2                       4
82                 30             0                       6
82                 34             3                       8
82                 48             4                       10
82                 63             1                       8
82                 69             0                       2
82                 72             2                       5
82                 74             3                       5
83                 9             0                       8
83                 13             3                       8
83                 16             2                       3
83                 47             4                       10
83                 70             1                       3
83                 75             2                       5
83                 83             4                       10
83                 88             4                       10
83                 91             3                       9
83                 92             3                       8
84                 4             0                       9
84                 18             3                       5
84                 30             0                       4
84                 36             0                       1
84                 48             2                       5
84                 60             2                       8
84                 62             4                       9
84                 64             4                       10
84                 71             2                       7
84                 76             1                       2
85                 15             0                       1
85                 17             0                       3
85                 28             0                       10
85                 45             0                       10
85                 48             1                       6
85                 54             0                       4
85                 55             1                       4
85                 68             1                       6
85                 80             0                       3
85                 81             4                       10
86                 12             3                       3
86                 24             1                       6
86                 26             4                       10
86                 27             0                       10
86                 30             3                       8
86                 32             4                       6
86                 34             1                       5
86                 41             3                       7
86                 58             0                       1
86                 63             3                       9
87                 2             1                       5
87                 9             0                       5
87                 70             0                       2
87                 75             4                       10
87                 82             1                       5
87                 85             1                       3
87                 86             3                       5
87                 87             2                       4
87                 88             2                       6
87                 89             4                       7
88                 16             4                       6
88                 29             2                       5
88                 33             4                       10
88                 51             4                       2
88                 59             0                       2
88                 66             3                       8
88                 77             3                       4
88                 85             3                       6
88                 95             1                       5
88                 96             0                       3
89                 23             0                       5
89                 27             1                       4
89                 29             3                       9
89                 34             0                       4
89                 74             0                       10
89                 75             3                       8
89                 78             0                       4
89                 92             3                       2
89                 93             0                       3
89                 99             3                       3
90                 1             4                       10
90                 26             1                       5
90                 60             4                       10
90                 62             2                       6
90                 69             1                       6
90                 78             2                       5
90                 79             4                       7
90                 80             3                       9
90                 88             1                       4
90                 93             3                       9
91                 10             0                       2
91                 26             2                       6
91                 38             1                       3
91                 50             4                       5
91                 62             4                       10
91                 77             1                       6
91                 85             1                       10
91                 92             4                       10
91                 98             4                       3
91                 99             4                       10
92                 7             0                       3
92                 15             2                       8
92                 29             0                       10
92                 31             2                       10
92                 32             1                       1
92                 35             2                       8
92                 39             2                       6
92                 41             3                       1
92                 44             0                       10
92                 79             1                       4
93                 21             1                       3
93                 23             3                       9
93                 24             3                       10
93                 38             1                       4
93                 40             3                       9
93                 48             0                       9
93                 55             0                       5
93                 65             0                       3
93                 69             3                       8
93                 77             0                       7
94                 5             3                       5
94                 15             0                       2
94                 20             3                       2
94                 58             4                       7
94                 68             0                       1
94                 76             0                       3
94                 77             0                       5
94                 91             1                       3
94                 92             1                       9
94                 98             4                       4
95                 4             3                       3
95                 12             4                       10
95                 63             4                       10
95                 66             2                       7
95                 70             1                       4
95                 86             0                       3
95                 87             1                       2
95                 89             4                       10
95                 92             3                       3
95                 94             1                       3
96                 8             3                       5
96                 13             0                       9
96                 14             1                       5
96                 37             0                       5
96                 49             2                       7
96                 50             0                       3
96                 51             0                       10
96                 53             2                       9
96                 61             4                       10
96                 81             3                       7
97                 4             0                       4
97                 7             4                       10
97                 30             0                       9
97                 31             2                       5
97                 45             2                       9
97                 49             4                       9
97                 53             4                       10
97                 54             1                       5
97                 61             2                       3
97                 67             1                       3
98                 2             3                       2
98                 16             3                       8
98                 22             2                       8
98                 36             1                       2
98                 39             2                       7
98                 49             4                       10
98                 60             2                       4
98                 66             0                       2
98                 67             2                       9
98                 68             4                       5
99                 6             3                       5
99                 21             3                       7
99                 22             0                       5
99                 41             4                       10
99                 58             0                       2
99                 67             3                       10
99                 69             1                       10
99                 73             4                       10
99                 90             2                       4
99                 91             0                       2
100                 4             3                       10
100                 13             1                       4
100                 16             2                       7
100                 24             2                       9
100                 25             4                       10
100                 50             1                       6
100                 51             3                       7
100                 53             3                       8
100                 68             4                       10
100                 71             0                       2