14
1                 2             0                       8
1                 8             3                       1
1                 14             1                       1
1                 22             1                       9
1                 28             1                       8
1                 33             4                       1
1                 40             0                       8
1                 41             1                       4
1                 63             3                       2
1                 80             4                       1
2                 2             2                       9
2                 14             0                       4
2                 63             2                       6
2                 69             4                       1
2                 70             3                       4
2                 71             0                       4
2                 75             2                       10
2                 88             3                       7
2                 96             2                       10
2                 97             3                       3
3                 1             2                       1
3                 4             3                       1
3                 19             0                       8
3                 20             3                       3
3                 21             1                       1
3                 27             0                       4
3                 47             1                       7
3                 66             4                       1
3                 80             1                       8
3                 82             4                       3
4                 13             4                       3
4                 19             2                       9
4                 30             1                       7
4                 46             0                       3
4                 75             3                       7
4                 79             0                       6
4                 82             3                       2
4                 83             3                       5
4                 84             1                       8
4                 87             2                       7
5                 5             0                       6
5                 14             1                       2
5                 24             1                       3
5                 25             1                       10
5                 33             4                       4
5                 41             2                       2
5                 48             4                       2
5                 86             3                       1
5                 89             2                       9
5                 92             0                       4
6                 10             1                       6
6                 24             2                       2
6                 37             2                       2
6                 46             2                       1
6                 48             0                       4
6                 51             1                       4
6                 56             3                       7
6                 58             2                       2
6                 69             2                       5
6                 78             1                       6
7                 18             2                       5
7                 19             4                       4
7                 25             1                       5
7                 28             3                       4
7                 36             3                       9
7                 40             2                       1
7                 65             2                       1
7                 68             4                       9
7                 79             3                       1
7                 87             3                       1
8                 24             3                       8
8                 36             4                       6
8                 37             1                       8
8                 42             1                       8
8                 57             0                       4
8                 67             1                       9
8                 70             0                       8
8                 80             3                       4
8                 87             1                       3
8                 88             2                       8
9                 17             4                       2
9                 77             2                       1
9                 84             1                       1
9                 87             4                       10
9                 88             4                       3
9                 92             2                       2
9                 97             1                       6
9                 98             2                       9
9                 99             2                       1
9                 100             4                       6
10                 2             1                       4
10                 39             2                       4
10                 44             1                       4
10                 45             0                       8
10                 51             4                       7
10                 60             4                       6
10                 86             0                       6
10                 88             0                       4
10                 91             0                       8
10                 96             4                       7
11                 14             3                       3
11                 23             0                       5
11                 33             3                       5
11                 34             1                       1
11                 61             1                       7
11                 87             3                       4
11                 90             3                       1
11                 94             0                       8
11                 95             0                       9
11                 98             4                       4
12                 5             4                       1
12                 9             3                       2
12                 26             2                       1
12                 33             4                       6
12                 40             1                       4
12                 45             1                       9
12                 53             3                       9
12                 60             0                       9
12                 65             0                       9
12                 76             4                       3
13                 7             2                       9
13                 12             3                       6
13                 23             4                       6
13                 32             2                       6
13                 33             4                       2
13                 64             4                       1
13                 86             3                       2
13                 89             3                       2
13                 99             0                       10
13                 100             3                       7
14                 2             2                       5
14                 3             2                       9
14                 4             1                       9
14                 28             0                       6
14                 38             0                       7
14                 62             0                       9
14                 64             2                       5
14                 75             2                       3
14                 81             1                       1
14                 88             0                       1
15                 4             0                       10
15                 12             3                       1
15                 13             4                       1
15                 14             1                       5
15                 21             2                       4
15                 33             3                       7
15                 44             3                       2
15                 52             1                       6
15                 53             4                       5
15                 54             4                       5
16                 10             4                       2
16                 12             4                       5
16                 13             0                       8
16                 22             1                       7
16                 24             2                       4
16                 37             4                       9
16                 67             2                       1
16                 80             0                       2
16                 85             3                       9
16                 93             0                       4
17                 13             2                       4
17                 20             4                       4
17                 26             3                       5
17                 29             1                       10
17                 30             4                       1
17                 31             4                       4
17                 55             4                       5
17                 56             4                       5
17                 69             1                       6
17                 77             2                       3
18                 9             0                       4
18                 11             2                       8
18                 12             3                       7
18                 18             4                       6
18                 26             2                       7
18                 36             3                       1
18                 38             4                       1
18                 63             4                       7
18                 68             3                       10
18                 76             2                       8
19                 4             0                       2
19                 24             4                       5
19                 29             1                       6
19                 35             0                       7
19                 39             4                       1
19                 53             3                       1
19                 59             3                       9
19                 81             2                       7
19                 85             4                       8
19                 93             1                       8
20                 1             0                       5
20                 8             0                       7
20                 20             4                       7
20                 24             4                       6
20                 34             2                       5
20                 39             1                       5
20                 58             2                       7
20                 59             3                       5
20                 61             3                       4
20                 68             0                       5
21                 38             3                       8
21                 40             4                       9
21                 41             2                       8
21                 43             3                       9
21                 46             3                       4
21                 62             1                       4
21                 65             2                       2
21                 69             4                       7
21                 83             4                       1
21                 97             4                       1
22                 13             3                       6
22                 15             1                       1
22                 28             2                       1
22                 35             4                       1
22                 39             1                       2
22                 45             1                       10
22                 72             2                       3
22                 79             0                       8
22                 85             0                       10
22                 87             3                       8
23                 13             3                       7
23                 23             1                       7
23                 27             4                       5
23                 67             0                       6
23                 71             2                       9
23                 75             1                       4
23                 81             3                       4
23                 83             0                       10
23                 89             3                       4
23                 91             4                       5
24                 7             0                       10
24                 9             1                       6
24                 10             3                       1
24                 47             2                       1
24                 48             1                       8
24                 57             0                       3
24                 62             3                       5
24                 68             0                       1
24                 71             4                       7
24                 75             2                       5
25                 3             1                       7
25                 4             2                       3
25                 30             3                       8
25                 32             4                       3
25                 50             1                       7
25                 51             3                       10
25                 58             3                       4
25                 95             4                       7
25                 96             0                       8
25                 99             0                       4
26                 8             1                       8
26                 11             2                       1
26                 16             3                       5
26                 23             3                       3
26                 25             3                       6
26                 43             4                       7
26                 59             1                       6
26                 67             0                       7
26                 68             1                       2
26                 73             1                       7
27                 19             4                       7
27                 23             0                       1
27                 37             2                       10
27                 52             3                       10
27                 59             2                       7
27                 60             0                       7
27                 68             1                       3
27                 76             3                       4
27                 78             0                       5
27                 79             0                       2
28                 3             3                       8
28                 5             0                       7
28                 7             1                       1
28                 8             1                       5
28                 11             0                       3
28                 12             0                       2
28                 18             4                       1
28                 36             3                       5
28                 42             2                       2
28                 49             0                       2
29                 2             2                       6
29                 6             2                       1
29                 19             3                       10
29                 42             1                       7
29                 44             2                       3
29                 65             4                       3
29                 66             2                       2
29                 69             4                       8
29                 73             0                       2
29                 74             1                       10
30                 21             3                       9
30                 28             2                       9
30                 32             3                       8
30                 34             0                       2
30                 48             2                       9
30                 71             2                       5
30                 87             0                       9
30                 88             4                       9
30                 92             2                       1
30                 94             0                       9
31                 2             3                       10
31                 18             0                       8
31                 33             4                       8
31                 35             2                       8
31                 44             2                       9
31                 48             3                       6
31                 62             3                       6
31                 66             2                       5
31                 78             1                       1
31                 92             3                       5
32                 15             3                       5
32                 21             0                       2
32                 27             3                       8
32                 38             1                       9
32                 39             0                       6
32                 55             4                       6
32                 64             3                       4
32                 76             2                       5
32                 79             3                       3
32                 84             4                       2
33                 1             4                       2
33                 3             0                       1
33                 5             4                       8
33                 29             2                       9
33                 30             4                       6
33                 35             2                       2
33                 36             1                       2
33                 50             2                       1
33                 71             3                       10
33                 73             3                       3
34                 7             1                       3
34                 49             1                       1
34                 70             4                       3
34                 74             0                       6
34                 76             2                       6
34                 78             2                       2
34                 79             1                       4
34                 83             0                       6
34                 86             2                       7
34                 90             0                       8
35                 10             4                       3
35                 17             4                       3
35                 55             3                       8
35                 59             0                       1
35                 84             0                       3
35                 92             3                       8
35                 97             0                       9
35                 98             3                       1
35                 99             4                       2
35                 100             4                       4
36                 17             2                       7
36                 26             0                       6
36                 32             2                       9
36                 46             0                       5
36                 58             3                       3
36                 61             1                       1
36                 66             0                       6
36                 69             4                       2
36                 75             1                       8
36                 80             3                       3
37                 17             3                       8
37                 20             4                       8
37                 25             1                       7
37                 50             2                       4
37                 54             2                       6
37                 57             4                       6
37                 64             3                       2
37                 71             2                       1
37                 79             1                       7
37                 85             0                       4
38                 36             4                       10
38                 46             4                       9
38                 60             0                       1
38                 66             0                       7
38                 73             3                       4
38                 74             4                       4
38                 79             0                       9
38                 90             1                       9
38                 98             1                       7
38                 100             4                       2
39                 24             2                       9
39                 26             3                       2
39                 42             4                       3
39                 50             1                       5
39                 51             0                       8
39                 64             0                       3
39                 74             0                       1
39                 82             0                       6
39                 89             1                       7
39                 94             4                       1
40                 39             0                       10
40                 72             1                       6
40                 74             2                       2
40                 78             4                       8
40                 80             0                       9
40                 92             4                       10
40                 93             0                       10
40                 94             4                       3
40                 97             3                       2
40                 98             2                       5
41                 2             3                       7
41                 4             0                       4
41                 9             2                       3
41                 21             0                       5
41                 22             4                       2
41                 30             0                       2
41                 31             3                       8
41                 46             3                       2
41                 48             4                       5
41                 59             4                       8
42                 11             4                       4
42                 23             3                       2
42                 49             1                       7
42                 62             4                       10
42                 65             0                       7
42                 74             0                       7
42                 75             0                       1
42                 82             3                       1
42                 85             4                       1
42                 91             2                       9
43                 7             0                       4
43                 15             1                       9
43                 18             4                       9
43                 27             4                       1
43                 31             3                       9
43                 47             1                       2
43                 50             0                       6
43                 53             3                       4
43                 58             1                       8
43                 77             4                       4
44                 10             0                       4
44                 31             2                       10
44                 56             4                       1
44                 60             0                       2
44                 64             3                       6
44                 80             2                       6
44                 85             0                       2
44                 86             0                       8
44                 89             1                       3
44                 90             0                       6
45                 23             3                       8
45                 32             3                       4
45                 56             1                       2
45                 63             4                       8
45                 64             0                       7
45                 66             0                       10
45                 69             2                       9
45                 70             2                       7
45                 73             1                       8
45                 87             2                       5
46                 7             4                       6
46                 9             4                       7
46                 27             0                       9
46                 44             4                       5
46                 59             0                       2
46                 60             3                       3
46                 63             3                       9
46                 88             4                       10
46                 90             2                       7
46                 94             3                       5
47                 10             1                       7
47                 39             0                       3
47                 49             1                       3
47                 54             0                       3
47                 72             1                       1
47                 74             1                       5
47                 75             1                       9
47                 79             4                       10
47                 95             3                       1
47                 96             1                       1
48                 8             2                       2
48                 25             3                       8
48                 28             4                       7
48                 29             2                       7
48                 40             2                       3
48                 48             3                       7
48                 50             3                       8
48                 54             3                       7
48                 65             0                       4
48                 70             1                       9
49                 51             3                       1
49                 83             1                       2
49                 88             2                       5
49                 94             4                       2
49                 95             3                       10
49                 96             2                       2
49                 97             2                       7
49                 98             2                       6
49                 99             2                       3
49                 100             1                       8
50                 17             4                       5
50                 20             4                       1
50                 27             3                       6
50                 30             2                       5
50                 36             1                       7
50                 42             4                       9
50                 43             2                       8
50                 47             4                       3
50                 49             3                       4
50                 57             2                       5
51                 4             0                       8
51                 7             1                       5
51                 52             1                       7
51                 53             2                       6
51                 55             1                       9
51                 81             0                       3
51                 89             2                       8
51                 90             3                       3
51                 93             2                       5
51                 94             1                       4
52                 1             0                       7
52                 6             0                       4
52                 16             1                       8
52                 48             2                       1
52                 57             3                       7
52                 60             1                       10
52                 84             1                       4
52                 93             2                       6
52                 99             3                       7
52                 100             4                       9
53                 3             0                       2
53                 11             0                       2
53                 15             0                       2
53                 18             2                       3
53                 47             1                       8
53                 53             0                       2
53                 55             4                       2
53                 59             3                       4
53                 71             1                       2
53                 82             2                       4
54                 6             0                       7
54                 13             0                       2
54                 34             3                       3
54                 38             3                       4
54                 39             1                       7
54                 51             2                       3
54                 56             0                       8
54                 62             2                       7
54                 63             2                       3
54                 77             2                       5
55                 16             1                       6
55                 21             4                       8
55                 28             1                       5
55                 29             4                       2
55                 30             0                       9
55                 32             0                       1
55                 38             0                       2
55                 47             1                       9
55                 53             0                       3
55                 55             1                       3
56                 17             4                       9
56                 40             0                       5
56                 53             4                       10
56                 69             4                       3
56                 73             2                       6
56                 85             1                       5
56                 88             4                       6
56                 91             0                       10
56                 93             3                       3
56                 96             1                       4
57                 6             1                       2
57                 12             0                       8
57                 17             2                       10
57                 33             4                       9
57                 41             4                       3
57                 45             1                       3
57                 50             3                       2
57                 54             1                       2
57                 86             3                       9
57                 89             4                       5
58                 9             4                       8
58                 17             2                       4
58                 42             1                       10
58                 46             3                       6
58                 53             3                       7
58                 57             4                       8
58                 62             1                       2
58                 63             0                       1
58                 67             0                       2
58                 76             0                       7
59                 26             4                       9
59                 28             0                       2
59                 47             3                       4
59                 55             1                       4
59                 60             4                       4
59                 72             0                       4
59                 77             4                       6
59                 80             2                       7
59                 84             2                       7
59                 86             3                       4
60                 10             4                       8
60                 23             2                       4
60                 38             2                       5
60                 49             4                       5
60                 52             0                       1
60                 57             4                       9
60                 59             4                       10
60                 72             4                       7
60                 81             2                       2
60                 85             1                       6
61                 9             2                       1
61                 22             0                       3
61                 28             0                       3
61                 33             2                       10
61                 37             1                       5
61                 42             1                       4
61                 48             1                       3
61                 67             1                       4
61                 70             4                       10
61                 73             3                       9
62                 19             4                       1
62                 23             3                       10
62                 25             3                       9
62                 34             3                       9
62                 36             2                       8
62                 41             1                       9
62                 44             3                       6
62                 45             2                       4
62                 54             3                       9
62                 70             0                       1
63                 5             4                       9
63                 18             3                       4
63                 29             2                       3
63                 31             3                       5
63                 35             4                       5
63                 37             1                       3
63                 38             3                       3
63                 42             1                       5
63                 68             1                       6
63                 81             0                       5
64                 12             1                       10
64                 34             0                       6
64                 60             3                       8
64                 78             4                       9
64                 83             1                       8
64                 93             3                       9
64                 94             1                       10
64                 97             4                       10
64                 98             0                       2
64                 99             0                       5
65                 1             3                       3
65                 13             4                       9
65                 16             4                       10
65                 18             3                       10
65                 40             3                       7
65                 52             3                       2
65                 56             3                       9
65                 76             2                       10
65                 83             3                       9
65                 87             2                       6
66                 1             0                       8
66                 3             0                       3
66                 14             0                       6
66                 21             1                       7
66                 26             4                       10
66                 33             4                       3
66                 40             2                       6
66                 45             2                       5
66                 54             4                       10
66                 61             2                       8
67                 11             4                       9
67                 12             0                       3
67                 38             2                       6
67                 52             2                       4
67                 56             1                       3
67                 64             4                       8
67                 67             3                       8
67                 77             3                       8
67                 83             1                       7
67                 85             1                       3
68                 9             4                       9
68                 14             4                       9
68                 21             0                       3
68                 47             1                       5
68                 49             4                       8
68                 62             4                       1
68                 63             2                       4
68                 71             3                       8
68                 77             1                       2
68                 81             4                       9
69                 3             0                       10
69                 14             0                       8
69                 15             1                       3
69                 20             0                       9
69                 25             4                       2
69                 31             0                       1
69                 46             2                       7
69                 65             0                       8
69                 66             1                       4
69                 91             0                       1
70                 5             4                       2
70                 42             0                       1
70                 56             2                       4
70                 57             3                       10
70                 59             0                       3
70                 61             0                       5
70                 68             0                       4
70                 75             0                       2
70                 76             2                       1
70                 85             1                       7
71                 29             1                       4
71                 31             4                       6
71                 32             4                       7
71                 34             0                       4
71                 56             4                       6
71                 58             2                       5
71                 60             0                       5
71                 63             2                       5
71                 69             2                       4
71                 73             4                       10
72                 4             1                       5
72                 10             4                       9
72                 15             0                       6
72                 22             1                       1
72                 31             0                       2
72                 50             4                       10
72                 54             2                       1
72                 58             1                       6
72                 61             3                       6
72                 67             4                       5
73                 2             0                       1
73                 13             1                       10
73                 32             2                       5
73                 55             2                       10
73                 66             2                       8
73                 74             2                       8
73                 76             3                       9
73                 92             1                       6
73                 95             4                       2
73                 96             0                       5
74                 3             4                       4
74                 8             4                       9
74                 12             2                       9
74                 15             0                       4
74                 16             0                       1
74                 18             3                       7
74                 30             0                       3
74                 37             4                       4
74                 41             0                       1
74                 43             0                       1
75                 2             2                       3
75                 7             2                       7
75                 20             2                       10
75                 24             4                       10
75                 26             0                       8
75                 31             4                       3
75                 35             0                       6
75                 52             2                       5
75                 65             1                       5
75                 67             4                       10
76                 6             2                       3
76                 10             3                       5
76                 47             1                       6
76                 50             2                       3
76                 58             0                       1
76                 62             3                       8
76                 82             4                       8
76                 87             2                       2
76                 89             2                       6
76                 95             1                       3
77                 3             1                       5
77                 8             1                       3
77                 24             3                       7
77                 29             0                       1
77                 44             4                       10
77                 45             1                       6
77                 55             3                       7
77                 58             3                       9
77                 65             4                       10
77                 68             2                       8
78                 1             4                       9
78                 17             3                       6
78                 22             4                       10
78                 23             3                       9
78                 29             3                       8
78                 34             1                       8
78                 41             2                       5
78                 43             1                       2
78                 71             4                       6
78                 74             3                       9
79                 9             1                       5
79                 11             3                       6
79                 15             2                       8
79                 22             1                       4
79                 31             3                       7
79                 37             0                       1
79                 51             2                       5
79                 52             3                       3
79                 72             3                       9
79                 82             2                       9
80                 3             2                       6
80                 5             0                       10
80                 6             0                       8
80                 15             0                       7
80                 44             3                       7
80                 45             0                       1
80                 46             4                       10
80                 49             1                       6
80                 57             2                       1
80                 68             0                       7
81                 5             2                       3
81                 19             2                       5
81                 26             0                       3
81                 35             4                       9
81                 37             4                       6
81                 61             0                       2
81                 69             4                       10
81                 83             0                       3
81                 84             1                       5
81                 91             1                       4
82                 42             4                       6
82                 43             0                       3
82                 51             3                       9
82                 70             2                       5
82                 72             0                       2
82                 73             1                       5
82                 80             1                       5
82                 84             3                       6
82                 90             3                       10
82                 91             2                       6
83                 1             4                       10
83                 6             1                       5
83                 11             4                       5
83                 19             1                       3
83                 21             4                       10
83                 39             2                       8
83                 82             1                       7
83                 88             2                       2
83                 93             2                       1
83                 100             1                       3
84                 4             1                       6
84                 8             2                       6
84                 25             0                       1
84                 36             1                       3
84                 45             2                       2
84                 47             4                       10
84                 51             2                       6
84                 61             4                       10
84                 76             0                       2
84                 81             3                       8
85                 12             0                       4
85                 56             4                       10
85                 67             2                       3
85                 81             2                       6
85                 90             1                       4
85                 91             4                       2
85                 92             2                       9
85                 98             0                       8
85                 99             2                       6
85                 100             2                       10
86                 5             0                       4
86                 9             4                       10
86                 16             0                       2
86                 27             3                       2
86                 30             4                       4
86                 86             1                       3
86                 89             0                       1
86                 93             4                       2
86                 94             3                       6
86                 95             2                       4
87                 1             0                       4
87                 6             1                       6
87                 8             4                       10
87                 34             0                       10
87                 37             3                       7
87                 44             1                       8
87                 46             3                       8
87                 54             3                       4
87                 58             4                       10
87                 62             2                       3
88                 2             3                       2
88                 11             2                       10
88                 14             2                       7
88                 20             2                       5
88                 22             3                       5
88                 27             4                       10
88                 32             4                       10
88                 52             4                       8
88                 63             3                       10
88                 86             2                       5
89                 19             2                       6
89                 34             1                       7
89                 43             4                       10
89                 52             3                       9
89                 77             2                       9
89                 82             4                       10
89                 83             0                       4
89                 84             4                       9
89                 92             1                       3
89                 95             2                       5
90                 1             2                       6
90                 10             4                       10
90                 30             4                       10
90                 39             2                       9
90                 43             0                       5
90                 74             2                       3
90                 90             2                       2
90                 91             3                       3
90                 92             2                       7
90                 97             3                       8
91                 4             3                       7
91                 5             1                       5
91                 7             4                       2
91                 16             2                       9
91                 17             1                       1
91                 40             4                       2
91                 75             1                       6
91                 82             2                       5
91                 93             2                       7
91                 98             3                       3
92                 16             2                       7
92                 22             3                       8
92                 43             3                       6
92                 55             0                       1
92                 64             0                       9
92                 72             2                       8
92                 77             2                       10
92                 78             3                       7
92                 79             0                       5
92                 96             1                       6
93                 11             3                       7
93                 19             0                       2
93                 41             4                       10
93                 49             1                       9
93                 65             1                       6
93                 66             2                       9
93                 70             4                       2
93                 72             1                       5
93                 78             0                       3
93                 81             4                       10
94                 6             4                       10
94                 14             4                       10
94                 25             2                       3
94                 27             0                       3
94                 29             1                       5
94                 38             0                       10
94                 48             4                       10
94                 51             0                       2
94                 57             1                       2
94                 61             0                       3
95                 6             3                       9
95                 35             1                       4
95                 41             3                       6
95                 66             2                       3
95                 73             1                       1
95                 80             0                       10
95                 84             0                       10
95                 86             3                       10
95                 95             2                       6
95                 97             2                       4
96                 16             3                       3
96                 18             1                       2
96                 90             1                       5
96                 94             3                       7
96                 95             0                       8
96                 96             2                       9
96                 97             2                       5
96                 98             4                       10
96                 99             3                       8
96                 100             2                       5
97                 7             3                       8
97                 8             4                       4
97                 15             3                       10
97                 20             0                       2
97                 25             3                       4
97                 26             0                       4
97                 28             4                       10
97                 50             3                       9
97                 53             0                       8
97                 54             3                       8
98                 20             1                       6
98                 24             0                       1
98                 32             0                       2
98                 35             0                       3
98                 40             4                       10
98                 44             0                       1
98                 45             1                       7
98                 61             3                       9
98                 77             1                       7
98                 78             3                       4
99                 13             1                       5
99                 16             2                       4
99                 22             1                       6
99                 27             3                       7
99                 36             1                       4
99                 41             2                       7
99                 43             0                       4
99                 64             4                       10
99                 70             2                       6
99                 72             2                       10
100                 21             1                       6
100                 35             4                       10
100                 49             4                       10
100                 71             1                       3
100                 78             4                       10
100                 89             4                       10
100                 91             2                       7
100                 96             0                       3
100                 99             3                       9
100                 100             0                       1