14
1                 2             3                       1
1                 11             3                       1
1                 22             1                       1
1                 24             0                       5
1                 31             2                       6
1                 34             2                       1
1                 49             2                       1
1                 60             2                       1
1                 79             0                       8
1                 92             4                       3
2                 28             2                       7
2                 31             0                       7
2                 36             3                       2
2                 38             0                       10
2                 66             0                       7
2                 68             3                       9
2                 75             1                       7
2                 77             0                       2
2                 86             1                       1
2                 88             2                       2
3                 14             0                       10
3                 17             1                       1
3                 26             3                       1
3                 62             3                       2
3                 69             1                       6
3                 81             2                       3
3                 86             0                       4
3                 88             2                       1
3                 90             3                       4
3                 93             1                       8
4                 10             4                       5
4                 13             1                       6
4                 16             1                       1
4                 41             4                       3
4                 54             2                       1
4                 61             1                       1
4                 65             0                       9
4                 70             4                       6
4                 83             4                       3
4                 88             2                       9
5                 6             1                       5
5                 10             0                       8
5                 35             0                       6
5                 40             2                       2
5                 48             1                       9
5                 84             2                       2
5                 87             3                       1
5                 88             0                       4
5                 94             0                       5
5                 95             0                       6
6                 8             3                       10
6                 26             0                       4
6                 31             0                       8
6                 39             2                       9
6                 43             4                       4
6                 45             4                       1
6                 46             1                       4
6                 58             0                       7
6                 62             2                       3
6                 71             3                       2
7                 27             2                       7
7                 28             2                       1
7                 34             2                       4
7                 43             3                       9
7                 48             2                       3
7                 59             0                       9
7                 70             2                       9
7                 74             4                       1
7                 76             2                       7
7                 77             1                       10
8                 15             1                       1
8                 19             2                       8
8                 21             1                       7
8                 23             0                       8
8                 24             0                       6
8                 44             4                       3
8                 45             1                       6
8                 49             3                       2
8                 54             3                       8
8                 57             0                       8
9                 2             4                       7
9                 12             4                       4
9                 17             0                       3
9                 66             3                       1
9                 79             4                       2
9                 81             2                       7
9                 91             0                       8
9                 97             2                       8
9                 99             2                       7
9                 100             2                       2
10                 7             1                       7
10                 33             0                       1
10                 41             4                       1
10                 55             3                       8
10                 62             4                       5
10                 63             0                       5
10                 69             1                       7
10                 87             2                       9
10                 88             4                       5
10                 89             1                       9
11                 1             2                       1
11                 4             3                       2
11                 9             3                       7
11                 16             0                       4
11                 23             1                       9
11                 27             2                       1
11                 44             2                       1
11                 66             2                       3
11                 75             1                       8
11                 83             4                       6
12                 2             0                       8
12                 4             3                       1
12                 8             2                       1
12                 15             2                       8
12                 29             4                       1
12                 35             2                       1
12                 41             2                       7
12                 80             4                       6
12                 82             0                       5
12                 98             4                       7
13                 4             0                       6
13                 25             0                       8
13                 36             0                       8
13                 56             0                       8
13                 66             3                       4
13                 78             2                       7
13                 86             2                       10
13                 89             3                       2
13                 92             0                       7
13                 94             3                       9
14                 6             0                       7
14                 26             1                       2
14                 37             1                       10
14                 48             1                       1
14                 51             0                       4
14                 60             0                       7
14                 62             2                       10
14                 64             1                       6
14                 72             3                       4
14                 89             1                       7
15                 4             1                       3
15                 13             3                       2
15                 14             4                       1
15                 22             4                       7
15                 35             0                       8
15                 38             1                       1
15                 42             3                       3
15                 53             2                       8
15                 70             1                       10
15                 72             2                       6
16                 12             4                       1
16                 21             1                       9
16                 34             4                       5
16                 43             3                       5
16                 45             1                       7
16                 58             1                       6
16                 59             2                       7
16                 80             4                       7
16                 83             4                       5
16                 88             4                       10
17                 26             2                       8
17                 37             3                       2
17                 51             3                       9
17                 53             3                       6
17                 58             3                       1
17                 63             4                       1
17                 65             3                       4
17                 66             2                       5
17                 70             1                       1
17                 71             1                       8
18                 1             3                       3
18                 20             4                       3
18                 25             4                       1
18                 41             4                       5
18                 71             2                       3
18                 72             4                       1
18                 75             1                       9
18                 76             3                       5
18                 86             4                       7
18                 95             2                       1
19                 11             1                       3
19                 25             2                       4
19                 35             4                       2
19                 50             2                       8
19                 59             4                       1
19                 61             3                       2
19                 82             3                       9
19                 88             1                       3
19                 98             3                       4
19                 99             2                       8
20                 24             4                       4
20                 59             2                       8
20                 61             3                       10
20                 78             4                       2
20                 79             3                       3
20                 87             0                       5
20                 96             0                       7
20                 98             2                       8
20                 99             4                       4
20                 100             0                       5
21                 1             1                       9
21                 9             2                       2
21                 10             3                       9
21                 29             0                       8
21                 36             4                       1
21                 40             1                       9
21                 59             3                       5
21                 81             3                       1
21                 82             3                       1
21                 83             2                       7
22                 27             0                       5
22                 32             3                       3
22                 39             1                       4
22                 43             3                       1
22                 48             3                       8
22                 63             1                       3
22                 67             0                       7
22                 70             3                       7
22                 81             1                       4
22                 85             3                       8
23                 2             0                       5
23                 24             2                       7
23                 39             0                       2
23                 54             4                       2
23                 59             3                       6
23                 60             0                       5
23                 64             4                       1
23                 83             0                       8
23                 97             2                       9
23                 100             2                       1
24                 3             3                       4
24                 18             3                       9
24                 19             3                       3
24                 47             1                       5
24                 49             0                       3
24                 73             0                       4
24                 76             0                       6
24                 82             2                       6
24                 83             1                       9
24                 87             0                       6
25                 13             3                       4
25                 15             0                       5
25                 25             0                       9
25                 28             3                       3
25                 35             2                       7
25                 36             2                       4
25                 37             4                       3
25                 47             4                       6
25                 54             4                       9
25                 69             3                       1
26                 4             4                       4
26                 7             4                       1
26                 13             3                       7
26                 18             4                       5
26                 23             4                       1
26                 30             3                       1
26                 39             2                       5
26                 50             1                       1
26                 63             3                       4
26                 72             4                       8
27                 28             2                       4
27                 31             1                       4
27                 43             2                       6
27                 45             3                       2
27                 48             4                       10
27                 50             0                       3
27                 55             2                       1
27                 60             3                       8
27                 67             1                       1
27                 69             3                       10
28                 3             4                       6
28                 8             3                       3
28                 10             3                       3
28                 19             4                       4
28                 25             3                       5
28                 27             1                       8
28                 32             3                       2
28                 39             2                       6
28                 40             2                       1
28                 42             1                       6
29                 25             3                       6
29                 35             4                       9
29                 36             2                       9
29                 41             0                       8
29                 42             0                       8
29                 46             2                       7
29                 71             1                       6
29                 72             2                       7
29                 74             3                       9
29                 75             4                       1
30                 5             1                       6
30                 15             0                       9
30                 20             4                       4
30                 21             1                       10
30                 34             0                       6
30                 52             3                       4
30                 85             0                       4
30                 96             0                       1
30                 97             1                       6
30                 98             1                       9
31                 6             2                       4
31                 14             2                       6
31                 15             2                       6
31                 18             0                       6
31                 22             0                       8
31                 23             0                       2
31                 27             4                       3
31                 42             0                       7
31                 57             0                       1
31                 65             3                       5
32                 7             0                       8
32                 16             1                       10
32                 26             1                       5
32                 41             3                       9
32                 47             4                       1
32                 50             2                       9
32                 61             3                       7
32                 71             4                       4
32                 73             0                       7
32                 77             4                       3
33                 26             3                       9
33                 50             4                       10
33                 53             1                       1
33                 77             1                       1
33                 78             2                       8
33                 79             3                       5
33                 80             3                       9
33                 85             3                       3
33                 89             1                       10
33                 95             0                       7
34                 3             0                       8
34                 7             4                       9
34                 8             2                       8
34                 9             1                       8
34                 16             3                       5
34                 19             4                       5
34                 32             2                       9
34                 40             2                       5
34                 43             1                       7
34                 53             1                       2
35                 12             2                       9
35                 13             1                       8
35                 16             1                       6
35                 17             4                       4
35                 22             2                       9
35                 23             0                       7
35                 29             0                       7
35                 34             2                       10
35                 42             1                       4
35                 46             0                       8
36                 2             1                       9
36                 5             4                       3
36                 58             3                       9
36                 63             4                       9
36                 78             4                       3
36                 79             3                       6
36                 83             1                       4
36                 87             3                       7
36                 89             4                       3
36                 93             3                       3
37                 1             1                       8
37                 4             4                       9
37                 6             3                       1
37                 8             1                       4
37                 21             4                       3
37                 29             1                       6
37                 39             4                       10
37                 45             2                       5
37                 68             4                       6
37                 74             0                       10
38                 7             2                       6
38                 19             4                       9
38                 21             3                       4
38                 37             3                       1
38                 42             4                       9
38                 52             2                       6
38                 54             4                       6
38                 56             1                       9
38                 81             0                       8
38                 85             4                       9
39                 6             0                       8
39                 13             3                       3
39                 33             0                       9
39                 41             1                       2
39                 53             2                       9
39                 56             3                       3
39                 65             4                       1
39                 66             3                       6
39                 72             0                       9
39                 84             1                       6
40                 11             3                       5
40                 20             1                       8
40                 44             0                       4
40                 53             1                       3
40                 54             0                       5
40                 57             4                       2
40                 60             0                       2
40                 90             4                       1
40                 93             4                       1
40                 94             3                       3
41                 5             3                       4
41                 13             0                       1
41                 19             2                       10
41                 45             1                       3
41                 50             4                       5
41                 66             0                       2
41                 80             0                       1
41                 84             1                       9
41                 89             1                       4
41                 93             2                       9
42                 22             0                       2
42                 36             3                       5
42                 38             0                       7
42                 41             2                       4
42                 43             1                       2
42                 44             2                       2
42                 56             2                       5
42                 67             3                       8
42                 68             1                       7
42                 76             0                       4
43                 9             1                       3
43                 11             2                       6
43                 14             3                       4
43                 20             1                       9
43                 26             0                       10
43                 36             4                       3
43                 37             0                       7
43                 56             1                       6
43                 64             4                       8
43                 73             1                       1
44                 9             2                       10
44                 23             0                       3
44                 32             4                       4
44                 44             2                       9
44                 51             1                       1
44                 74             4                       7
44                 91             0                       1
44                 95             2                       2
44                 99             1                       9
44                 100             1                       6
45                 5             3                       2
45                 18             2                       10
45                 37             2                       5
45                 39             3                       7
45                 63             2                       2
45                 67             0                       5
45                 74             1                       2
45                 75             3                       5
45                 77             3                       4
45                 81             0                       2
46                 11             2                       2
46                 28             3                       5
46                 45             3                       4
46                 57             0                       9
46                 61             4                       8
46                 84             3                       10
46                 91             2                       2
46                 98             4                       2
46                 99             2                       5
46                 100             1                       3
47                 10             4                       1
47                 25             4                       10
47                 35             3                       3
47                 68             2                       3
47                 71             2                       7
47                 75             3                       6
47                 79             2                       7
47                 80             2                       10
47                 82             0                       2
47                 89             1                       5
48                 13             2                       5
48                 32             2                       7
48                 49             3                       9
48                 55             0                       4
48                 64             2                       5
48                 68             1                       4
48                 94             4                       7
48                 97             3                       2
48                 99             4                       1
48                 100             3                       4
49                 13             4                       10
49                 44             2                       5
49                 78             3                       6
49                 81             3                       9
49                 84             0                       1
49                 85             2                       1
49                 92             4                       4
49                 94             0                       1
49                 96             4                       2
49                 97             2                       3
50                 12             0                       10
50                 17             1                       5
50                 21             0                       1
50                 25             3                       3
50                 32             4                       10
50                 50             4                       6
50                 93             1                       4
50                 98             1                       3
50                 99             1                       2
50                 100             4                       9
51                 16             4                       7
51                 17             1                       2
51                 46             0                       1
51                 64             0                       9
51                 65             2                       6
51                 66             4                       10
51                 73             3                       8
51                 74             3                       8
51                 94             1                       4
51                 96             3                       3
52                 3             4                       9
52                 9             1                       4
52                 11             3                       7
52                 15             3                       7
52                 19             2                       6
52                 28             3                       8
52                 30             1                       8
52                 67             2                       9
52                 82             4                       10
52                 92             3                       8
53                 7             0                       2
53                 9             0                       1
53                 24             1                       10
53                 32             1                       8
53                 44             0                       6
53                 51             0                       5
53                 55             3                       6
53                 69             1                       2
53                 73             1                       9
53                 80             0                       8
54                 11             3                       8
54                 19             2                       7
54                 26             1                       6
54                 29             4                       9
54                 46             2                       3
54                 49             0                       6
54                 82             4                       7
54                 90             0                       8
54                 92             4                       9
54                 93             0                       10
55                 26             0                       3
55                 43             3                       8
55                 57             4                       3
55                 58             4                       8
55                 64             4                       2
55                 73             0                       2
55                 83             0                       1
55                 85             0                       2
55                 87             3                       2
55                 94             1                       8
56                 1             0                       2
56                 3             0                       1
56                 4             2                       5
56                 8             2                       5
56                 12             2                       3
56                 20             4                       5
56                 21             0                       2
56                 25             3                       7
56                 28             2                       9
56                 40             4                       3
57                 5             2                       9
57                 13             2                       9
57                 18             4                       4
57                 22             0                       3
57                 38             2                       2
57                 61             0                       5
57                 70             1                       3
57                 72             0                       2
57                 79             4                       1
57                 99             4                       10
58                 1             4                       10
58                 5             2                       7
58                 7             0                       10
58                 27             4                       9
58                 48             0                       2
58                 54             0                       10
58                 71             3                       9
58                 76             1                       1
58                 77             1                       9
58                 87             1                       3
59                 2             4                       10
59                 11             3                       4
59                 30             3                       2
59                 33             1                       2
59                 41             4                       10
59                 68             3                       8
59                 80             0                       2
59                 85             3                       5
59                 89             4                       6
59                 91             0                       6
60                 3             1                       5
60                 6             0                       2
60                 10             2                       4
60                 22             0                       6
60                 31             3                       1
60                 36             4                       10
60                 65             1                       3
60                 71             0                       1
60                 75             4                       2
60                 77             1                       5
61                 15             3                       2
61                 16             0                       2
61                 47             3                       2
61                 49             3                       7
61                 50             2                       7
61                 51             0                       2
61                 57             1                       7
61                 70             4                       4
61                 81             3                       10
61                 86             1                       8
62                 4             3                       7
62                 12             3                       7
62                 36             3                       6
62                 40             2                       6
62                 45             3                       8
62                 49             4                       10
62                 61             0                       3
62                 67             0                       2
62                 79             4                       9
62                 84             1                       7
63                 7             3                       3
63                 23             3                       4
63                 34             1                       3
63                 35             0                       4
63                 38             4                       3
63                 56             2                       7
63                 60             0                       3
63                 77             2                       7
63                 80             3                       3
63                 90             0                       2
64                 2             1                       3
64                 15             4                       10
64                 24             2                       1
64                 28             1                       2
64                 40             0                       7
64                 46             2                       5
64                 51             3                       7
64                 55             4                       9
64                 58             0                       2
64                 73             3                       3
65                 7             0                       4
65                 8             1                       2
65                 12             1                       5
65                 23             1                       5
65                 33             2                       3
65                 39             2                       3
65                 59             1                       2
65                 62             2                       6
65                 69             2                       5
65                 76             3                       8
66                 11             3                       9
66                 48             1                       4
66                 71             1                       5
66                 74             2                       6
66                 87             4                       10
66                 92             3                       5
66                 94             4                       10
66                 98             2                       5
66                 99             4                       6
66                 100             3                       7
67                 7             3                       5
67                 25             4                       2
67                 29             2                       5
67                 35             0                       5
67                 38             0                       4
67                 44             3                       7
67                 52             0                       9
67                 57             0                       4
67                 62             1                       8
67                 72             3                       5
68                 10             4                       10
68                 31             3                       9
68                 33             1                       4
68                 34             0                       7
68                 42             3                       1
68                 47             3                       7
68                 60             4                       9
68                 90             1                       5
68                 91             2                       3
68                 92             1                       2
69                 6             3                       3
69                 15             0                       3
69                 24             3                       8
69                 55             4                       10
69                 57             0                       5
69                 58             1                       4
69                 63             3                       7
69                 68             4                       10
69                 77             1                       6
69                 78             2                       9
70                 6             2                       6
70                 14             3                       2
70                 17             0                       6
70                 29             0                       2
70                 34             2                       2
70                 40             1                       4
70                 53             1                       4
70                 63             0                       10
70                 90             4                       3
70                 91             0                       7
71                 5             3                       8
71                 14             3                       7
71                 34             3                       8
71                 35             0                       10
71                 38             3                       8
71                 47             4                       8
71                 53             3                       7
71                 61             2                       6
71                 67             2                       10
71                 69             1                       3
72                 2             4                       4
72                 17             1                       9
72                 31             4                       10
72                 40             1                       8
72                 52             2                       7
72                 65             2                       7
72                 78             4                       4
72                 82             3                       4
72                 86             1                       5
72                 88             1                       6
73                 3             3                       10
73                 8             4                       9
73                 21             3                       8
73                 27             1                       4
73                 33             2                       10
73                 56             0                       1
73                 58             2                       5
73                 73             3                       10
73                 78             4                       10
73                 86             0                       2
74                 19             1                       1
74                 29             3                       3
74                 46             4                       10
74                 60             4                       4
74                 61             0                       4
74                 63             1                       8
74                 86             3                       9
74                 90             3                       6
74                 94             2                       2
74                 95             1                       3
75                 27             0                       2
75                 42             2                       5
75                 55             4                       7
75                 63             2                       6
75                 73             1                       5
75                 81             2                       5
75                 88             3                       8
75                 92             3                       10
75                 97             3                       7
75                 98             0                       1
76                 14             1                       8
76                 17             3                       7
76                 22             2                       4
76                 29             0                       4
76                 30             0                       9
76                 37             1                       4
76                 38             0                       6
76                 55             1                       2
76                 59             1                       3
76                 70             0                       5
77                 1             0                       7
77                 8             2                       6
77                 22             0                       5
77                 28             4                       10
77                 45             1                       9
77                 52             3                       8
77                 70             3                       8
77                 87             4                       4
77                 91             3                       4
77                 96             2                       4
78                 2             3                       6
78                 3             1                       7
78                 4             1                       8
78                 6             3                       9
78                 20             1                       6
78                 24             3                       9
78                 30             2                       10
78                 52             4                       10
78                 60             4                       6
78                 65             2                       8
79                 10             2                       6
79                 22             2                       10
79                 39             2                       8
79                 50             1                       4
79                 51             1                       3
79                 62             1                       4
79                 65             4                       10
79                 76             2                       2
79                 85             1                       6
79                 86             2                       6
80                 12             2                       6
80                 30             2                       4
80                 33             1                       6
80                 34             3                       9
80                 48             0                       5
80                 50             0                       2
80                 52             3                       5
80                 62             1                       7
80                 68             2                       5
80                 72             4                       10
81                 3             0                       2
81                 4             1                       10
81                 16             1                       8
81                 23             4                       10
81                 30             2                       5
81                 41             3                       6
81                 44             3                       8
81                 83             4                       10
81                 85             4                       7
81                 96             0                       8
82                 5             4                       10
82                 9             2                       5
82                 10             0                       2
82                 14             3                       9
82                 24             2                       2
82                 36             3                       7
82                 39             1                       1
82                 43             4                       10
82                 46             3                       6
82                 51             4                       8
83                 2             4                       2
83                 8             2                       7
83                 30             2                       6
83                 37             3                       8
83                 54             1                       3
83                 56             2                       4
83                 76             3                       9
83                 87             3                       8
83                 91             4                       10
83                 93             3                       5
84                 5             0                       1
84                 14             2                       5
84                 15             0                       4
84                 33             0                       7
84                 38             3                       9
84                 49             2                       4
84                 56             3                       10
84                 67             1                       6
84                 69             3                       4
84                 75             4                       10
85                 23             4                       6
85                 28             0                       6
85                 52             0                       1
85                 64             0                       3
85                 72             1                       3
85                 79             2                       4
85                 90             4                       9
85                 93             2                       6
85                 96             1                       5
85                 98             3                       10
86                 12             0                       2
86                 21             4                       5
86                 24             0                       3
86                 33             0                       8
86                 38             0                       5
86                 48             4                       6
86                 52             4                       2
86                 59             4                       10
86                 62             0                       1
86                 64             0                       4
87                 18             3                       1
87                 27             4                       10
87                 51             4                       10
87                 55             0                       3
87                 57             0                       10
87                 68             2                       1
87                 80             0                       4
87                 83             4                       2
87                 84             2                       8
87                 100             4                       10
88                 1             4                       4
88                 3             4                       3
88                 18             3                       7
88                 32             2                       5
88                 42             4                       2
88                 47             4                       9
88                 80             0                       5
88                 85             4                       10
88                 95             0                       8
88                 97             4                       10
89                 16             3                       9
89                 32             2                       6
89                 40             4                       10
89                 58             4                       10
89                 61             0                       9
89                 77             2                       8
89                 84             3                       3
89                 88             2                       7
89                 90             0                       10
89                 97             4                       4
90                 1             1                       5
90                 12             3                       8
90                 18             3                       8
90                 20             1                       10
90                 37             2                       6
90                 49             2                       5
90                 57             2                       6
90                 59             1                       4
90                 81             3                       6
90                 86             0                       3
91                 20             0                       1
91                 37             1                       9
91                 60             4                       10
91                 65             0                       2
91                 75             2                       4
91                 78             2                       5
91                 92             3                       6
91                 95             0                       4
91                 96             0                       10
91                 97             4                       5
92                 19             1                       2
92                 31             0                       2
92                 42             4                       10
92                 46             3                       2
92                 49             4                       8
92                 56             3                       2
92                 69             3                       8
92                 74             0                       3
92                 89             3                       8
92                 95             2                       9
93                 11             0                       10
93                 18             1                       2
93                 20             3                       7
93                 21             2                       6
93                 33             0                       5
93                 47             0                       10
93                 53             4                       5
93                 67             0                       3
93                 79             2                       10
93                 82             3                       8
94                 5             2                       5
94                 9             1                       9
94                 26             3                       7
94                 27             4                       6
94                 31             3                       3
94                 43             3                       3
94                 54             1                       4
94                 67             2                       4
94                 69             4                       9
94                 75             4                       3
95                 20             0                       2
95                 29             4                       10
95                 31             3                       5
95                 47             1                       3
95                 52             0                       3
95                 53             1                       10
95                 58             0                       3
95                 62             3                       9
95                 73             3                       6
95                 74             0                       4
96                 6             3                       10
96                 14             1                       3
96                 16             0                       3
96                 32             0                       1
96                 46             3                       9
96                 55             0                       5
96                 66             2                       8
96                 82             0                       3
96                 89             0                       1
96                 93             2                       7
97                 30             1                       3
97                 48             1                       7
97                 64             3                       7
97                 71             1                       10
97                 91             3                       9
97                 92             4                       1
97                 93             0                       2
97                 98             2                       6
97                 99             1                       3
97                 100             1                       8
98                 17             3                       8
98                 30             4                       7
98                 44             4                       10
98                 68             3                       2
98                 76             0                       3
98                 84             2                       4
98                 90             3                       7
98                 95             0                       5
98                 96             1                       6
98                 97             0                       1
99                 1             1                       6
99                 9             1                       6
99                 10             3                       7
99                 17             4                       10
99                 18             1                       3
99                 45             4                       10
99                 54             3                       7
99                 64             0                       10
99                 66             2                       9
99                 74             1                       5
100                 47             2                       4
100                 51             2                       6
100                 70             0                       2
100                 76             4                       10
100                 78             1                       1
100                 84             1                       5
100                 91             0                       5
100                 94             2                       6
100                 95             2                       10
100                 96             3                       9