14
1                 15             3                       1
1                 44             2                       10
1                 55             3                       4
1                 61             3                       6
1                 67             0                       5
1                 80             2                       3
1                 81             3                       4
1                 89             4                       5
1                 90             0                       8
1                 95             1                       8
2                 4             2                       2
2                 11             4                       3
2                 20             2                       8
2                 30             1                       5
2                 33             1                       1
2                 35             1                       1
2                 44             2                       8
2                 65             1                       5
2                 69             1                       8
2                 71             1                       6
3                 5             4                       3
3                 6             1                       9
3                 32             3                       10
3                 36             3                       1
3                 43             0                       7
3                 46             1                       1
3                 77             1                       1
3                 82             1                       7
3                 84             4                       7
3                 97             2                       1
4                 5             2                       5
4                 10             4                       6
4                 16             3                       7
4                 19             3                       1
4                 33             2                       8
4                 40             0                       7
4                 55             4                       7
4                 62             0                       10
4                 75             0                       5
4                 77             2                       8
5                 22             2                       8
5                 30             3                       2
5                 41             4                       2
5                 48             2                       3
5                 51             0                       9
5                 55             1                       6
5                 58             2                       8
5                 67             1                       1
5                 71             0                       1
5                 77             0                       5
6                 2             1                       9
6                 3             3                       1
6                 8             1                       1
6                 28             4                       5
6                 29             4                       6
6                 40             1                       1
6                 42             0                       6
6                 47             2                       7
6                 70             1                       8
6                 71             2                       2
7                 3             4                       3
7                 5             1                       4
7                 21             4                       1
7                 29             0                       8
7                 35             2                       2
7                 40             2                       8
7                 52             0                       9
7                 63             2                       8
7                 84             2                       3
7                 88             0                       6
8                 8             0                       4
8                 32             3                       3
8                 46             0                       5
8                 80             2                       10
8                 86             3                       7
8                 91             1                       1
8                 92             1                       10
8                 93             4                       7
8                 96             1                       1
8                 98             1                       9
9                 5             4                       6
9                 34             3                       5
9                 47             4                       3
9                 57             3                       5
9                 67             0                       8
9                 68             2                       7
9                 85             3                       4
9                 88             0                       3
9                 89             3                       8
9                 90             4                       5
10                 3             3                       4
10                 14             1                       9
10                 15             1                       5
10                 18             2                       9
10                 22             1                       5
10                 35             3                       3
10                 37             1                       1
10                 39             2                       7
10                 56             0                       5
10                 73             4                       1
11                 7             4                       3
11                 19             3                       6
11                 35             4                       9
11                 60             4                       3
11                 68             3                       3
11                 70             2                       6
11                 79             1                       8
11                 81             3                       6
11                 85             3                       1
11                 89             3                       9
12                 10             2                       3
12                 14             0                       6
12                 18             3                       4
12                 24             3                       10
12                 43             1                       1
12                 44             1                       4
12                 51             3                       1
12                 54             0                       8
12                 56             0                       6
12                 64             4                       5
13                 1             2                       1
13                 11             4                       1
13                 18             0                       1
13                 24             2                       5
13                 53             2                       1
13                 62             2                       1
13                 70             0                       7
13                 75             4                       7
13                 84             4                       4
13                 87             1                       4
14                 3             3                       6
14                 4             1                       5
14                 5             4                       7
14                 6             4                       2
14                 9             4                       4
14                 22             0                       3
14                 49             4                       3
14                 50             0                       6
14                 51             0                       7
14                 74             2                       10
15                 12             1                       6
15                 27             3                       5
15                 31             3                       9
15                 39             1                       8
15                 41             4                       3
15                 43             4                       4
15                 47             3                       4
15                 51             0                       5
15                 59             2                       5
15                 63             3                       1
16                 7             4                       5
16                 9             0                       7
16                 60             1                       10
16                 74             2                       4
16                 85             4                       8
16                 91             3                       2
16                 95             0                       5
16                 97             1                       4
16                 98             3                       3
16                 100             0                       7
17                 8             4                       2
17                 48             1                       6
17                 54             2                       1
17                 56             2                       1
17                 65             0                       6
17                 79             0                       5
17                 80             4                       5
17                 83             2                       4
17                 88             1                       4
17                 91             4                       6
18                 2             2                       3
18                 30             3                       9
18                 35             0                       6
18                 36             1                       6
18                 46             0                       3
18                 47             2                       8
18                 70             3                       4
18                 74             0                       8
18                 77             3                       6
18                 84             1                       9
19                 2             2                       1
19                 3             2                       5
19                 4             1                       6
19                 17             0                       8
19                 18             4                       5
19                 31             4                       6
19                 36             4                       3
19                 40             4                       5
19                 46             3                       9
19                 52             4                       4
20                 11             3                       8
20                 14             3                       1
20                 33             3                       4
20                 34             0                       7
20                 60             0                       4
20                 66             0                       5
20                 69             0                       3
20                 75             4                       6
20                 77             2                       2
20                 92             0                       4
21                 2             1                       6
21                 7             0                       6
21                 21             1                       7
21                 45             3                       2
21                 48             3                       8
21                 65             4                       1
21                 67             0                       2
21                 70             1                       2
21                 80             3                       1
21                 81             4                       7
22                 1             1                       8
22                 4             2                       3
22                 19             2                       7
22                 32             2                       1
22                 39             3                       2
22                 42             3                       4
22                 72             4                       1
22                 73             0                       10
22                 79             0                       6
22                 83             2                       1
23                 27             4                       8
23                 46             1                       4
23                 54             4                       4
23                 55             2                       5
23                 82             4                       1
23                 86             3                       2
23                 87             2                       10
23                 94             0                       8
23                 96             1                       8
23                 99             4                       3
24                 15             1                       7
24                 20             3                       9
24                 29             0                       1
24                 53             0                       7
24                 65             2                       2
24                 68             1                       4
24                 88             2                       1
24                 93             2                       1
24                 98             4                       2
24                 99             4                       6
25                 1             2                       2
25                 10             3                       7
25                 34             3                       1
25                 47             4                       5
25                 79             2                       7
25                 83             0                       9
25                 90             2                       9
25                 95             1                       1
25                 96             4                       5
25                 97             4                       5
26                 16             4                       5
26                 28             1                       9
26                 41             1                       8
26                 42             1                       7
26                 53             2                       2
26                 60             0                       8
26                 64             4                       1
26                 72             0                       7
26                 79             2                       9
26                 83             4                       10
27                 14             1                       7
27                 15             4                       8
27                 17             1                       9
27                 24             4                       6
27                 26             4                       5
27                 30             3                       6
27                 32             1                       4
27                 37             3                       2
27                 57             0                       6
27                 58             2                       9
28                 6             2                       7
28                 13             4                       3
28                 25             4                       5
28                 48             1                       9
28                 59             2                       9
28                 80             3                       7
28                 91             4                       9
28                 96             0                       6
28                 98             2                       8
28                 100             2                       1
29                 4             2                       10
29                 22             3                       6
29                 31             2                       7
29                 37             0                       3
29                 40             3                       6
29                 46             4                       10
29                 54             1                       9
29                 57             0                       1
29                 63             1                       6
29                 65             4                       8
30                 12             0                       3
30                 18             2                       2
30                 27             2                       2
30                 49             3                       4
30                 59             0                       6
30                 63             4                       5
30                 67             0                       6
30                 80             3                       8
30                 85             2                       5
30                 89             2                       3
31                 3             4                       9
31                 9             0                       8
31                 16             2                       8
31                 20             2                       10
31                 22             2                       4
31                 58             3                       10
31                 59             0                       1
31                 85             1                       9
31                 86             4                       4
31                 90             2                       10
32                 7             3                       1
32                 11             3                       4
32                 43             3                       8
32                 46             2                       6
32                 61             1                       7
32                 63             1                       7
32                 76             0                       3
32                 82             1                       8
32                 93             2                       2
32                 94             3                       4
33                 6             3                       4
33                 13             2                       7
33                 27             2                       6
33                 36             0                       2
33                 50             4                       1
33                 58             1                       3
33                 67             3                       3
33                 86             4                       8
33                 95             0                       10
33                 96             4                       2
34                 8             3                       9
34                 26             2                       6
34                 29             1                       10
34                 33             0                       3
34                 39             3                       4
34                 57             1                       7
34                 60             3                       1
34                 63             1                       2
34                 65             1                       3
34                 86             4                       9
35                 34             4                       8
35                 39             2                       1
35                 45             1                       6
35                 62             1                       6
35                 68             2                       2
35                 86             0                       10
35                 89             1                       2
35                 98             2                       1
35                 99             4                       1
35                 100             3                       10
36                 5             4                       8
36                 11             4                       5
36                 25             0                       8
36                 26             3                       3
36                 30             2                       7
36                 36             1                       10
36                 51             1                       6
36                 61             1                       8
36                 71             0                       7
36                 93             2                       4
37                 5             4                       1
37                 27             1                       7
37                 50             0                       9
37                 69             3                       7
37                 78             4                       5
37                 87             4                       5
37                 97             2                       9
37                 98             2                       4
37                 99             0                       7
37                 100             3                       2
38                 12             4                       5
38                 39             0                       5
38                 40             4                       2
38                 41             1                       4
38                 43             1                       5
38                 54             2                       6
38                 72             0                       6
38                 76             1                       10
38                 94             2                       10
38                 98             2                       5
39                 12             2                       7
39                 17             0                       6
39                 35             4                       10
39                 48             4                       7
39                 59             3                       7
39                 65             4                       9
39                 80             1                       4
39                 84             2                       5
39                 87             2                       1
39                 95             0                       2
40                 5             4                       9
40                 7             0                       2
40                 11             0                       9
40                 19             3                       2
40                 23             4                       1
40                 33             4                       9
40                 35             1                       4
40                 61             2                       3
40                 75             3                       8
40                 95             2                       6
41                 4             4                       7
41                 39             1                       3
41                 53             1                       3
41                 59             1                       2
41                 63             1                       3
41                 71             2                       3
41                 78             3                       3
41                 89             4                       6
41                 93             3                       8
41                 94             2                       9
42                 10             2                       8
42                 13             4                       2
42                 29             0                       2
42                 37             2                       7
42                 38             3                       1
42                 41             3                       5
42                 53             4                       10
42                 56             1                       9
42                 61             3                       4
42                 66             4                       6
43                 9             1                       9
43                 17             4                       1
43                 31             3                       4
43                 32             2                       5
43                 35             0                       7
43                 42             3                       10
43                 45             2                       1
43                 77             4                       10
43                 78             3                       6
43                 81             0                       8
44                 31             3                       10
44                 38             0                       8
44                 44             3                       5
44                 61             1                       5
44                 72             2                       2
44                 81             2                       9
44                 86             3                       5
44                 91             0                       3
44                 94             3                       1
44                 95             4                       3
45                 12             4                       8
45                 22             1                       1
45                 31             1                       1
45                 38             1                       10
45                 54             0                       2
45                 69             0                       1
45                 79             1                       1
45                 81             2                       5
45                 82             0                       2
45                 86             2                       3
46                 5             3                       2
46                 7             3                       8
46                 10             1                       4
46                 44             3                       9
46                 48             1                       4
46                 57             4                       2
46                 58             4                       4
46                 64             0                       8
46                 73             3                       3
46                 93             1                       3
47                 7             4                       9
47                 12             4                       9
47                 14             4                       2
47                 21             2                       5
47                 24             3                       7
47                 54             1                       5
47                 71             0                       8
47                 87             0                       2
47                 92             4                       5
47                 97             1                       7
48                 45             0                       4
48                 50             3                       10
48                 54             4                       3
48                 62             0                       2
48                 66             3                       9
48                 79             4                       10
48                 87             0                       6
48                 96             0                       9
48                 99             4                       5
48                 100             0                       3
49                 6             2                       1
49                 23             1                       7
49                 25             3                       6
49                 30             0                       1
49                 32             2                       6
49                 48             0                       1
49                 64             0                       9
49                 72             4                       8
49                 74             2                       5
49                 82             0                       3
50                 19             0                       8
50                 27             1                       3
50                 33             3                       6
50                 35             3                       8
50                 46             4                       7
50                 49             0                       5
50                 53             0                       6
50                 61             4                       10
50                 68             0                       9
50                 76             3                       4
51                 36             3                       4
51                 37             3                       6
51                 38             2                       6
51                 49             0                       1
51                 62             0                       7
51                 70             2                       5
51                 73             2                       8
51                 81             3                       1
51                 91             1                       4
51                 92             0                       1
52                 21             4                       8
52                 41             1                       6
52                 45             2                       8
52                 50             3                       7
52                 56             3                       7
52                 61             2                       9
52                 68             4                       1
52                 71             3                       10
52                 74             4                       6
52                 76             0                       1
53                 3             1                       7
53                 13             2                       8
53                 34             3                       10
53                 51             2                       8
53                 56             2                       2
53                 75             1                       4
53                 79             0                       2
53                 84             1                       6
53                 85             0                       6
53                 91             3                       7
54                 10             0                       1
54                 34             2                       9
54                 52             3                       5
54                 73             2                       4
54                 88             1                       2
54                 90             4                       6
54                 95             3                       9
54                 96             4                       10
54                 99             3                       8
54                 100             4                       8
55                 15             2                       6
55                 25             2                       7
55                 45             4                       5
55                 46             3                       8
55                 60             3                       9
55                 64             3                       6
55                 66             4                       1
55                 76             3                       8
55                 83             0                       2
55                 84             0                       1
56                 3             1                       10
56                 9             4                       1
56                 12             4                       4
56                 13             4                       4
56                 24             3                       2
56                 26             3                       8
56                 41             1                       7
56                 53             0                       8
56                 55             0                       1
56                 64             4                       2
57                 6             2                       5
57                 8             0                       10
57                 16             4                       3
57                 26             4                       1
57                 43             1                       10
57                 68             2                       5
57                 74             3                       9
57                 78             2                       7
57                 88             3                       5
57                 91             2                       10
58                 3             0                       8
58                 4             3                       9
58                 16             2                       6
58                 18             0                       6
58                 41             1                       9
58                 44             2                       6
58                 57             0                       10
58                 67             3                       9
58                 70             3                       1
58                 73             2                       9
59                 17             0                       2
59                 24             3                       8
59                 25             4                       9
59                 29             3                       3
59                 33             0                       2
59                 57             0                       3
59                 70             4                       9
59                 76             1                       2
59                 83             1                       5
59                 84             0                       2
60                 1             4                       3
60                 4             1                       4
60                 6             3                       8
60                 14             4                       10
60                 15             2                       2
60                 17             4                       10
60                 23             3                       2
60                 26             4                       9
60                 32             1                       2
60                 34             2                       6
61                 1             4                       9
61                 2             0                       7
61                 33             2                       7
61                 41             1                       10
61                 42             4                       8
61                 43             0                       2
61                 44             1                       2
61                 53             0                       4
61                 61             0                       1
61                 65             2                       4
62                 2             1                       4
62                 21             0                       9
62                 30             2                       3
62                 50             0                       2
62                 55             3                       8
62                 64             3                       7
62                 71             2                       9
62                 75             0                       1
62                 77             3                       9
62                 80             0                       9
63                 2             4                       10
63                 11             3                       6
63                 31             1                       2
63                 44             2                       3
63                 48             0                       2
63                 78             1                       4
63                 83             2                       6
63                 89             2                       4
63                 91             1                       5
63                 93             3                       9
64                 10             4                       9
64                 12             4                       10
64                 13             0                       1
64                 15             1                       3
64                 17             2                       5
64                 38             0                       2
64                 42             0                       1
64                 43             2                       3
64                 49             2                       6
64                 55             1                       9
65                 14             3                       8
65                 19             2                       9
65                 21             1                       2
65                 22             3                       9
65                 23             4                       8
65                 32             3                       7
65                 49             1                       8
65                 52             1                       8
65                 55             0                       2
65                 61             0                       2
66                 23             2                       5
66                 24             3                       3
66                 60             1                       5
66                 65             3                       7
66                 66             3                       7
66                 74             0                       1
66                 80             1                       6
66                 89             3                       10
66                 92             2                       2
66                 93             0                       5
67                 31             4                       8
67                 59             0                       3
67                 60             1                       6
67                 62             3                       8
67                 63             4                       9
67                 66             2                       4
67                 87             2                       3
67                 97             3                       8
67                 98             4                       10
67                 100             2                       5
68                 20             4                       7
68                 25             4                       1
68                 28             4                       3
68                 57             3                       8
68                 87             3                       8
68                 90             2                       7
68                 94             2                       5
68                 95             0                       4
68                 96             0                       3
68                 97             4                       10
69                 12             1                       1
69                 13             1                       9
69                 29             0                       4
69                 32             4                       8
69                 36             3                       7
69                 37             1                       4
69                 51             0                       2
69                 57             2                       4
69                 72             0                       9
69                 75             4                       9
70                 6             0                       6
70                 26             0                       2
70                 34             1                       3
70                 35             0                       5
70                 37             4                       10
70                 38             2                       7
70                 42             0                       2
70                 47             2                       9
70                 51             4                       10
70                 69             1                       4
71                 20             2                       3
71                 44             4                       7
71                 47             1                       2
71                 55             0                       3
71                 66             3                       8
71                 69             1                       2
71                 76             1                       5
71                 78             1                       8
71                 88             4                       9
71                 89             4                       7
72                 2             4                       5
72                 14             1                       3
72                 25             1                       2
72                 29             2                       5
72                 47             2                       6
72                 48             4                       5
72                 54             0                       7
72                 69             2                       9
72                 72             4                       10
72                 74             1                       7
73                 8             1                       5
73                 37             0                       8
73                 47             4                       10
73                 58             3                       6
73                 59             0                       4
73                 77             0                       3
73                 83             0                       7
73                 98             2                       6
73                 99             0                       2
73                 100             3                       9
74                 7             3                       7
74                 10             4                       10
74                 23             0                       6
74                 25             1                       3
74                 27             3                       10
74                 62             0                       3
74                 76             4                       6
74                 80             0                       2
74                 85             4                       3
74                 92             1                       3
75                 5             1                       10
75                 6             4                       10
75                 13             4                       10
75                 31             2                       5
75                 40             4                       9
75                 58             0                       1
75                 75             0                       2
75                 78             0                       1
75                 82             0                       9
75                 85             3                       7
76                 11             3                       7
76                 15             3                       9
76                 22             0                       2
76                 33             4                       5
76                 38             4                       5
76                 65             0                       10
76                 66             0                       10
76                 70             4                       10
76                 73             2                       5
76                 82             4                       10
77                 16             3                       4
77                 30             4                       8
77                 34             1                       4
77                 39             2                       6
77                 49             3                       2
77                 52             0                       1
77                 68             3                       8
77                 88             1                       7
77                 89             0                       1
77                 94             0                       2
78                 8             0                       3
78                 9             1                       5
78                 11             2                       10
78                 16             4                       9
78                 17             3                       3
78                 27             2                       9
78                 39             4                       10
78                 46             2                       2
78                 56             3                       8
78                 58             0                       2
79                 10             0                       2
79                 27             1                       4
79                 45             4                       9
79                 47             0                       1
79                 66             3                       2
79                 81             1                       3
79                 83             3                       8
79                 84             3                       8
79                 99             1                       9
79                 100             0                       4
80                 1             1                       5
80                 14             3                       4
80                 22             2                       7
80                 32             2                       9
80                 33             4                       10
80                 49             4                       9
80                 62             4                       4
80                 73             3                       6
80                 75             2                       3
80                 78             0                       2
81                 12             0                       2
81                 18             1                       3
81                 21             3                       6
81                 23             0                       9
81                 25             3                       10
81                 26             0                       10
81                 45             4                       10
81                 60             1                       2
81                 64             3                       10
81                 68             2                       6
82                 11             1                       2
82                 14             1                       5
82                 19             2                       3
82                 20             4                       4
82                 23             4                       3
82                 24             1                       9
82                 38             3                       3
82                 67             1                       4
82                 79             1                       3
82                 82             4                       5
83                 2             2                       8
83                 4             2                       8
83                 8             4                       7
83                 16             0                       1
83                 20             2                       5
83                 41             0                       1
83                 42             2                       5
83                 50             4                       8
83                 52             2                       7
83                 59             4                       10
84                 18             3                       7
84                 28             3                       1
84                 30             3                       4
84                 42             3                       9
84                 49             3                       7
84                 71             1                       4
84                 79             0                       4
84                 92             2                       7
84                 96             0                       4
84                 100             0                       6
85                 36             2                       5
85                 43             0                       6
85                 49             4                       10
85                 52             1                       6
85                 72             4                       3
85                 77             2                       7
85                 78             2                       10
85                 81             3                       10
85                 86             4                       1
85                 87             2                       7
86                 15             4                       10
86                 22             3                       10
86                 40             0                       3
86                 52             0                       2
86                 55             3                       10
86                 58             4                       5
86                 85             0                       2
86                 88             4                       10
86                 92             1                       6
86                 94             2                       6
87                 1             1                       4
87                 2             0                       2
87                 4             0                       1
87                 23             4                       10
87                 25             3                       4
87                 36             0                       8
87                 40             4                       10
87                 50             2                       3
87                 51             1                       3
87                 60             1                       7
88                 9             1                       6
88                 13             2                       5
88                 16             0                       2
88                 20             1                       1
88                 21             3                       4
88                 57             3                       9
88                 59             1                       8
88                 67             3                       10
88                 71             2                       5
88                 73             2                       7
89                 1             2                       6
89                 9             2                       2
89                 17             3                       7
89                 52             1                       10
89                 53             0                       5
89                 56             4                       4
89                 69             1                       5
89                 70             4                       3
89                 74             3                       2
89                 90             3                       1
90                 1             4                       10
90                 7             2                       10
90                 18             2                       8
90                 23             1                       4
90                 28             3                       6
90                 37             3                       9
90                 50             0                       4
90                 72             1                       4
90                 75             2                       10
90                 76             1                       9
91                 8             1                       6
91                 19             3                       4
91                 20             4                       6
91                 21             4                       10
91                 29             0                       7
91                 39             3                       9
91                 44             0                       1
91                 72             1                       5
91                 73             1                       2
91                 82             0                       4
92                 9             0                       3
92                 26             2                       4
92                 29             3                       9
92                 42             3                       3
92                 45             3                       7
92                 64             0                       3
92                 90             1                       3
92                 93             1                       6
92                 97             1                       2
92                 99             4                       10
93                 16             4                       10
93                 30             4                       10
93                 38             0                       4
93                 50             1                       5
93                 56             0                       3
93                 82             4                       6
93                 96             1                       7
93                 97             3                       3
93                 98             0                       7
93                 99             2                       4
94                 18             4                       10
94                 27             0                       1
94                 28             0                       2
94                 31             1                       3
94                 52             4                       3
94                 53             3                       9
94                 54             4                       10
94                 58             4                       7
94                 64             1                       4
94                 68             4                       10
95                 1             1                       7
95                 13             3                       6
95                 21             4                       3
95                 40             1                       4
95                 74             0                       3
95                 83             4                       3
95                 88             3                       8
95                 90             1                       4
95                 94             0                       3
95                 97             2                       6
96                 8             3                       8
96                 15             1                       4
96                 17             4                       4
96                 19             2                       5
96                 24             0                       1
96                 28             1                       4
96                 37             1                       5
96                 43             3                       9
96                 51             2                       4
96                 62             3                       9
97                 28             0                       7
97                 36             3                       9
97                 38             0                       9
97                 63             3                       4
97                 69             3                       10
97                 77             1                       4
97                 84             3                       10
97                 85             4                       10
97                 91             1                       8
97                 93             3                       10
98                 3             0                       2
98                 6             1                       3
98                 28             3                       8
98                 34             0                       2
98                 48             4                       10
98                 69             3                       6
98                 86             1                       6
98                 90             0                       2
98                 92             0                       8
98                 94             4                       7
99                 10             4                       5
99                 20             1                       2
99                 24             2                       4
99                 28             3                       10
99                 56             4                       10
99                 62             2                       5
99                 63             4                       10
99                 87             3                       9
99                 92             3                       9
99                 95             1                       7
100                 7             2                       4
100                 9             4                       10
100                 19             3                       10
100                 26             3                       7
100                 45             1                       3
100                 66             0                       3
100                 67             2                       7
100                 76             2                       7
100                 78             3                       9
100                 81             0                       2