14
1                 3             0                       7
1                 4             3                       6
1                 23             4                       1
1                 32             2                       9
1                 37             0                       5
1                 41             0                       8
1                 59             0                       6
1                 60             4                       1
1                 70             3                       1
1                 74             2                       4
2                 12             2                       4
2                 19             2                       9
2                 22             2                       7
2                 36             0                       5
2                 37             1                       1
2                 66             2                       9
2                 73             2                       5
2                 78             2                       2
2                 83             2                       9
2                 89             2                       8
3                 6             0                       5
3                 11             0                       4
3                 12             1                       6
3                 20             3                       1
3                 22             4                       4
3                 30             4                       1
3                 32             1                       2
3                 34             0                       8
3                 62             0                       5
3                 63             4                       1
4                 1             1                       1
4                 20             2                       6
4                 42             3                       5
4                 46             0                       5
4                 49             4                       3
4                 62             4                       7
4                 64             3                       2
4                 73             1                       6
4                 75             4                       3
4                 80             2                       8
5                 16             3                       1
5                 33             2                       10
5                 39             4                       8
5                 64             0                       4
5                 65             1                       1
5                 75             1                       1
5                 77             2                       3
5                 89             0                       2
5                 92             2                       1
5                 95             3                       3
6                 15             2                       6
6                 38             0                       8
6                 40             1                       1
6                 56             1                       8
6                 58             2                       8
6                 66             0                       4
6                 69             1                       8
6                 71             4                       1
6                 81             3                       4
6                 85             3                       4
7                 34             3                       1
7                 47             0                       6
7                 52             2                       10
7                 54             2                       10
7                 56             2                       6
7                 68             0                       6
7                 73             0                       7
7                 87             2                       9
7                 91             1                       1
7                 95             1                       5
8                 26             1                       1
8                 27             2                       8
8                 47             0                       1
8                 72             1                       8
8                 74             3                       1
8                 79             1                       5
8                 92             0                       5
8                 98             2                       9
8                 99             2                       10
8                 100             0                       8
9                 3             2                       8
9                 17             1                       9
9                 69             1                       5
9                 71             4                       4
9                 73             4                       8
9                 80             4                       5
9                 94             4                       6
9                 95             4                       8
9                 96             1                       8
9                 99             4                       4
10                 10             2                       5
10                 20             1                       7
10                 24             4                       2
10                 55             2                       8
10                 68             1                       9
10                 74             1                       5
10                 83             1                       4
10                 90             2                       8
10                 92             1                       10
10                 95             2                       6
11                 12             1                       1
11                 19             2                       1
11                 32             1                       3
11                 40             1                       5
11                 42             3                       6
11                 43             3                       9
11                 46             3                       7
11                 58             0                       4
11                 71             3                       7
11                 77             4                       1
12                 8             3                       1
12                 12             2                       7
12                 62             0                       6
12                 64             3                       5
12                 67             1                       7
12                 71             4                       8
12                 75             3                       4
12                 80             0                       3
12                 82             0                       5
12                 99             2                       1
13                 7             1                       1
13                 17             0                       10
13                 20             2                       2
13                 30             2                       7
13                 38             0                       9
13                 42             2                       7
13                 44             1                       8
13                 47             1                       2
13                 62             1                       1
13                 63             4                       2
14                 11             3                       1
14                 12             2                       8
14                 16             0                       6
14                 23             3                       2
14                 26             2                       8
14                 38             0                       10
14                 39             1                       5
14                 40             1                       2
14                 50             1                       1
14                 58             4                       3
15                 27             0                       9
15                 36             4                       6
15                 42             0                       8
15                 51             2                       1
15                 55             3                       4
15                 61             1                       8
15                 63             0                       7
15                 82             1                       1
15                 83             4                       1
15                 87             2                       4
16                 2             2                       1
16                 22             0                       1
16                 36             1                       1
16                 53             4                       3
16                 64             3                       6
16                 81             2                       7
16                 84             0                       6
16                 88             1                       9
16                 96             4                       4
16                 97             2                       5
17                 4             2                       9
17                 6             1                       8
17                 14             0                       4
17                 25             2                       1
17                 34             1                       9
17                 38             0                       1
17                 50             2                       4
17                 55             3                       5
17                 56             2                       1
17                 67             3                       4
18                 11             1                       10
18                 28             4                       1
18                 32             3                       7
18                 33             4                       4
18                 75             1                       6
18                 84             1                       9
18                 94             0                       9
18                 95             4                       4
18                 97             4                       1
18                 98             4                       1
19                 11             4                       3
19                 12             0                       9
19                 16             2                       2
19                 21             0                       10
19                 24             4                       3
19                 35             0                       7
19                 40             0                       6
19                 45             1                       1
19                 51             4                       4
19                 52             4                       3
20                 47             0                       7
20                 58             4                       5
20                 61             4                       6
20                 67             2                       5
20                 78             0                       5
20                 85             0                       7
20                 86             2                       1
20                 89             2                       9
20                 94             3                       7
20                 96             1                       9
21                 8             3                       2
21                 10             3                       3
21                 24             3                       7
21                 27             4                       7
21                 29             0                       6
21                 43             3                       1
21                 48             2                       1
21                 49             4                       1
21                 55             0                       1
21                 87             2                       1
22                 21             3                       5
22                 36             0                       2
22                 37             1                       6
22                 39             1                       1
22                 47             4                       3
22                 55             2                       9
22                 56             3                       2
22                 74             0                       2
22                 75             0                       5
22                 78             3                       10
23                 8             3                       4
23                 32             1                       4
23                 47             1                       4
23                 63             1                       8
23                 76             1                       9
23                 80             1                       1
23                 81             3                       1
23                 85             3                       5
23                 86             0                       4
23                 91             1                       8
24                 10             3                       4
24                 12             0                       2
24                 27             1                       3
24                 54             0                       6
24                 57             0                       6
24                 74             3                       3
24                 83             3                       6
24                 93             4                       2
24                 94             2                       8
24                 95             4                       9
25                 1             2                       4
25                 2             4                       4
25                 4             0                       2
25                 5             1                       1
25                 14             2                       10
25                 18             1                       1
25                 27             1                       4
25                 29             3                       1
25                 30             0                       8
25                 33             1                       6
26                 3             3                       6
26                 5             3                       3
26                 21             0                       4
26                 26             3                       4
26                 32             1                       8
26                 34             1                       2
26                 41             0                       10
26                 57             4                       1
26                 66             2                       1
26                 70             0                       8
27                 4             2                       10
27                 5             0                       4
27                 9             4                       1
27                 17             3                       1
27                 29             0                       4
27                 31             4                       6
27                 35             3                       1
27                 46             1                       2
27                 60             2                       2
27                 63             2                       3
28                 1             4                       2
28                 15             4                       3
28                 21             0                       1
28                 37             3                       7
28                 38             0                       2
28                 42             3                       9
28                 55             0                       2
28                 71             2                       9
28                 74             3                       6
28                 79             0                       6
29                 9             4                       4
29                 13             3                       4
29                 19             0                       6
29                 33             2                       7
29                 37             0                       8
29                 45             1                       2
29                 48             4                       2
29                 50             0                       5
29                 64             3                       3
29                 85             1                       8
30                 5             4                       2
30                 20             3                       8
30                 31             2                       7
30                 45             3                       10
30                 46             4                       6
30                 51             0                       9
30                 60             2                       3
30                 66             2                       2
30                 68             2                       3
30                 69             2                       6
31                 10             4                       2
31                 16             3                       3
31                 34             0                       3
31                 45             4                       9
31                 54             3                       1
31                 76             1                       1
31                 82             2                       6
31                 91             0                       4
31                 92             3                       8
31                 97             1                       8
32                 3             4                       3
32                 7             0                       4
32                 10             4                       8
32                 15             2                       8
32                 25             1                       2
32                 30             4                       5
32                 31             2                       2
32                 38             2                       3
32                 50             1                       7
32                 51             1                       5
33                 3             3                       1
33                 7             0                       5
33                 13             2                       10
33                 17             3                       7
33                 26             2                       5
33                 27             4                       6
33                 45             0                       3
33                 50             0                       2
33                 59             2                       2
33                 67             3                       2
34                 1             0                       3
34                 8             3                       5
34                 23             0                       4
34                 27             3                       10
34                 39             0                       6
34                 43             1                       4
34                 67             1                       6
34                 68             2                       1
34                 79             3                       3
34                 82             2                       7
35                 15             2                       7
35                 28             4                       6
35                 33             3                       1
35                 44             1                       7
35                 60             0                       6
35                 63             3                       4
35                 81             2                       2
35                 82             2                       3
35                 88             4                       4
35                 89             3                       4
36                 1             1                       5
36                 2             0                       5
36                 3             3                       9
36                 29             3                       2
36                 52             2                       4
36                 54             3                       7
36                 69             2                       10
36                 72             1                       9
36                 83             3                       7
36                 85             0                       1
37                 16             0                       5
37                 32             0                       5
37                 35             0                       8
37                 36             0                       3
37                 54             2                       8
37                 78             2                       1
37                 80             4                       7
37                 84             1                       7
37                 93             3                       3
37                 94             1                       3
38                 10             1                       9
38                 14             2                       1
38                 25             0                       6
38                 65             3                       10
38                 70             1                       6
38                 78             4                       8
38                 81             0                       8
38                 86             4                       5
38                 91             0                       5
38                 93             2                       9
39                 1             0                       6
39                 10             3                       6
39                 11             3                       6
39                 14             0                       5
39                 30             4                       2
39                 41             3                       1
39                 44             1                       2
39                 45             0                       4
39                 51             4                       2
39                 61             4                       4
40                 9             4                       2
40                 18             1                       2
40                 25             1                       7
40                 28             1                       3
40                 57             4                       2
40                 58             1                       9
40                 63             4                       9
40                 70             1                       9
40                 76             3                       5
40                 78             1                       3
41                 3             1                       4
41                 16             4                       10
41                 18             0                       5
41                 20             3                       3
41                 24             4                       8
41                 31             4                       3
41                 41             0                       2
41                 43             3                       3
41                 50             1                       3
41                 53             4                       5
42                 15             1                       2
42                 31             0                       4
42                 43             2                       5
42                 65             3                       4
42                 77             2                       5
42                 81             1                       5
42                 96             0                       6
42                 97             0                       10
42                 98             3                       2
42                 100             0                       9
43                 6             4                       2
43                 18             0                       6
43                 28             1                       4
43                 46             2                       3
43                 51             1                       10
43                 52             2                       5
43                 54             3                       9
43                 71             1                       10
43                 72             1                       2
43                 73             0                       1
44                 6             3                       1
44                 10             2                       7
44                 21             4                       2
44                 25             3                       10
44                 26             4                       6
44                 28             3                       5
44                 42             2                       10
44                 56             1                       7
44                 89             4                       10
44                 90             2                       9
45                 6             1                       3
45                 26             0                       2
45                 32             1                       1
45                 33             3                       8
45                 45             1                       6
45                 51             0                       3
45                 52             2                       6
45                 57             0                       9
45                 59             2                       7
45                 60             0                       7
46                 7             4                       10
46                 19             4                       4
46                 21             1                       3
46                 36             1                       4
46                 40             1                       3
46                 56             0                       9
46                 76             0                       6
46                 82             2                       2
46                 88             1                       1
46                 90             2                       2
47                 2             3                       7
47                 17             4                       5
47                 19             1                       5
47                 23             3                       5
47                 39             0                       7
47                 40             0                       7
47                 77             0                       6
47                 88             0                       5
47                 92             2                       2
47                 93             1                       4
48                 8             0                       6
48                 25             2                       8
48                 36             1                       7
48                 44             0                       3
48                 46             1                       4
48                 53             2                       6
48                 55             2                       10
48                 57             3                       3
48                 68             1                       7
48                 71             1                       2
49                 6             4                       4
49                 18             1                       3
49                 43             3                       6
49                 49             0                       6
49                 54             2                       3
49                 68             3                       4
49                 75             3                       7
49                 77             2                       7
49                 85             1                       9
49                 87             0                       5
50                 4             1                       1
50                 11             3                       7
50                 29             4                       8
50                 36             2                       9
50                 38             3                       4
50                 39             2                       9
50                 61             1                       9
50                 62             0                       2
50                 76             0                       7
50                 83             4                       5
51                 14             2                       6
51                 29             4                       9
51                 35             1                       2
51                 44             4                       4
51                 55             3                       6
51                 57             0                       4
51                 76             2                       8
51                 94             2                       10
51                 98             2                       3
51                 100             4                       1
52                 2             2                       8
52                 12             2                       3
52                 20             4                       10
52                 59             2                       9
52                 62             0                       3
52                 73             4                       9
52                 75             4                       8
52                 91             4                       9
52                 93             2                       5
52                 94             1                       4
53                 3             0                       2
53                 14             2                       7
53                 49             4                       7
53                 56             0                       10
53                 57             3                       7
53                 61             0                       1
53                 79             2                       4
53                 90             3                       4
53                 92             3                       9
53                 93             3                       7
54                 5             3                       7
54                 11             2                       2
54                 13             0                       5
54                 29             2                       5
54                 30             0                       9
54                 31             3                       8
54                 33             1                       2
54                 41             3                       3
54                 48             0                       10
54                 72             3                       3
55                 5             4                       9
55                 7             1                       2
55                 23             3                       6
55                 47             0                       5
55                 67             4                       9
55                 74             3                       7
55                 78             2                       6
55                 87             2                       6
55                 88             3                       6
55                 91             2                       6
56                 2             1                       2
56                 4             1                       3
56                 13             0                       6
56                 27             1                       5
56                 28             0                       2
56                 57             0                       10
56                 61             0                       2
56                 77             1                       8
56                 90             3                       5
56                 98             2                       4
57                 33             1                       3
57                 41             4                       4
57                 53             4                       7
57                 65             3                       5
57                 70             3                       10
57                 73             3                       3
57                 87             1                       7
57                 96             0                       1
57                 99             0                       5
57                 100             1                       5
58                 5             0                       10
58                 39             0                       2
58                 42             3                       1
58                 51             0                       8
58                 60             1                       4
58                 61             4                       5
58                 67             0                       1
58                 70             3                       4
58                 89             1                       3
58                 90             2                       6
59                 1             1                       7
59                 22             0                       2
59                 46             3                       1
59                 48             0                       5
59                 49             2                       4
59                 77             0                       9
59                 78             3                       9
59                 85             4                       10
59                 86             0                       6
59                 87             4                       8
60                 8             0                       7
60                 20             2                       4
60                 28             0                       9
60                 31             4                       9
60                 45             0                       7
60                 48             0                       8
60                 60             0                       10
60                 61             2                       10
60                 68             0                       2
60                 73             4                       10
61                 15             0                       1
61                 37             0                       2
61                 44             4                       9
61                 47             4                       8
61                 50             2                       8
61                 65             1                       2
61                 72             2                       6
61                 75             4                       9
61                 88             4                       10
61                 89             1                       1
62                 13             2                       1
62                 41             2                       7
62                 63             2                       6
62                 64             3                       1
62                 82             1                       8
62                 83             0                       10
62                 95             2                       10
62                 98             3                       6
62                 99             3                       6
62                 100             4                       10
63                 8             0                       8
63                 19             0                       2
63                 29             0                       7
63                 37             0                       3
63                 41             0                       5
63                 43             4                       7
63                 49             2                       5
63                 54             3                       4
63                 68             4                       10
63                 92             4                       4
64                 32             2                       6
64                 59             4                       3
64                 91             4                       10
64                 93             2                       6
64                 94             4                       1
64                 96             2                       7
64                 97             0                       2
64                 98             3                       7
64                 99             1                       2
64                 100             1                       3
65                 4             1                       4
65                 8             3                       9
65                 38             3                       5
65                 49             0                       8
65                 67             2                       8
65                 68             2                       8
65                 69             4                       7
65                 86             4                       7
65                 87             2                       3
65                 94             1                       5
66                 5             2                       5
66                 7             2                       7
66                 28             3                       7
66                 42             1                       2
66                 47             4                       9
66                 62             2                       8
66                 90             1                       7
66                 91             0                       2
66                 95             3                       1
66                 100             2                       4
67                 2             4                       9
67                 16             0                       7
67                 17             4                       2
67                 21             3                       6
67                 22             4                       3
67                 33             3                       5
67                 43             1                       2
67                 60             3                       9
67                 65             3                       6
67                 66             4                       10
68                 4             3                       7
68                 13             2                       7
68                 33             3                       9
68                 49             1                       9
68                 52             2                       9
68                 79             1                       8
68                 88             0                       2
68                 94             0                       2
68                 97             1                       3
68                 99             2                       7
69                 17             0                       8
69                 28             1                       8
69                 39             1                       3
69                 75             1                       10
69                 78             1                       7
69                 86             2                       2
69                 97             1                       6
69                 98             2                       8
69                 99             1                       3
69                 100             3                       7
70                 9             3                       7
70                 11             3                       8
70                 13             2                       2
70                 24             0                       1
70                 39             2                       10
70                 40             1                       8
70                 45             0                       8
70                 53             0                       8
70                 70             0                       2
70                 78             1                       4
71                 17             0                       3
71                 18             3                       9
71                 19             3                       7
71                 23             4                       9
71                 27             0                       1
71                 37             1                       4
71                 40             0                       9
71                 74             0                       8
71                 76             2                       2
71                 79             4                       10
72                 2             2                       10
72                 6             3                       6
72                 10             4                       10
72                 16             3                       8
72                 22             2                       8
72                 25             0                       3
72                 34             2                       6
72                 35             0                       4
72                 44             1                       1
72                 54             4                       5
73                 22             2                       5
73                 23             0                       10
73                 44             4                       10
73                 52             1                       7
73                 53             4                       1
73                 58             0                       1
73                 61             0                       3
73                 64             3                       7
73                 84             3                       8
73                 87             4                       10
74                 12             0                       5
74                 25             0                       4
74                 37             1                       10
74                 58             3                       7
74                 74             4                       10
74                 76             3                       10
74                 80             1                       4
74                 86             2                       8
74                 93             4                       10
74                 95             1                       2
75                 2             1                       3
75                 12             3                       10
75                 14             4                       8
75                 25             2                       5
75                 30             4                       10
75                 44             2                       5
75                 52             3                       8
75                 79             3                       9
75                 84             2                       1
75                 89             2                       5
76                 7             1                       3
76                 8             3                       10
76                 11             2                       5
76                 14             0                       2
76                 15             4                       9
76                 30             1                       3
76                 48             2                       6
76                 53             0                       2
76                 69             3                       9
76                 86             4                       9
77                 9             1                       8
77                 44             1                       6
77                 52             1                       1
77                 59             3                       4
77                 85             1                       6
77                 96             4                       10
77                 97             0                       7
77                 98             4                       5
77                 99             2                       9
77                 100             4                       2
78                 8             3                       3
78                 9             1                       9
78                 13             1                       3
78                 20             3                       9
78                 48             2                       7
78                 63             2                       5
78                 67             2                       3
78                 69             2                       2
78                 73             3                       4
78                 77             1                       4
79                 5             1                       8
79                 18             0                       4
79                 49             4                       10
79                 57             3                       8
79                 58             2                       2
79                 66             2                       5
79                 68             1                       5
79                 69             0                       1
79                 75             0                       2
79                 80             2                       6
80                 9             3                       5
80                 24             1                       9
80                 25             2                       9
80                 29             4                       10
80                 47             0                       10
80                 51             1                       6
80                 54             0                       2
80                 57             2                       5
80                 86             0                       3
80                 90             1                       3
81                 14             1                       3
81                 15             3                       4
81                 26             2                       10
81                 58             2                       6
81                 62             1                       4
81                 77             2                       2
81                 88             0                       3
81                 96             2                       2
81                 97             0                       4
81                 98             1                       10
82                 3             1                       5
82                 14             3                       9
82                 17             0                       4
82                 34             2                       7
82                 48             3                       9
82                 60             1                       5
82                 64             2                       8
82                 69             3                       3
82                 70             2                       7
82                 76             0                       3
83                 4             2                       8
83                 6             4                       9
83                 18             0                       7
83                 24             1                       10
83                 35             3                       9
83                 38             1                       6
83                 61             3                       7
83                 67             4                       10
83                 79             2                       1
83                 88             2                       8
84                 22             4                       9
84                 31             4                       10
84                 55             0                       3
84                 71             1                       3
84                 72             3                       4
84                 76             0                       4
84                 77             4                       10
84                 80             0                       2
84                 89             3                       6
84                 96             0                       3
85                 1             0                       10
85                 3             1                       10
85                 6             3                       7
85                 9             1                       3
85                 19             2                       8
85                 21             3                       7
85                 22             0                       10
85                 30             3                       6
85                 34             3                       4
85                 38             1                       7
86                 1             2                       8
86                 10             0                       1
86                 21             3                       8
86                 35             4                       10
86                 42             1                       3
86                 43             3                       8
86                 46             4                       8
86                 65             3                       7
86                 66             1                       3
86                 83             2                       2
87                 6             1                       10
87                 18             3                       10
87                 46             4                       9
87                 50             3                       9
87                 52             2                       2
87                 59             4                       10
87                 60             2                       8
87                 65             4                       8
87                 69             1                       4
87                 72             0                       1
88                 15             3                       5
88                 43             4                       10
88                 51             1                       7
88                 73             3                       2
88                 82             3                       9
88                 90             0                       1
88                 92             0                       3
88                 96             3                       5
88                 99             2                       8
88                 100             2                       6
89                 9             3                       6
89                 27             4                       2
89                 31             2                       5
89                 64             2                       9
89                 66             0                       6
89                 81             2                       6
89                 83             1                       3
89                 86             4                       10
89                 88             2                       7
89                 90             3                       10
90                 23             3                       7
90                 26             2                       7
90                 36             0                       8
90                 48             1                       4
90                 50             0                       6
90                 65             0                       3
90                 66             2                       7
90                 80             4                       9
90                 81             4                       10
90                 82             0                       4
91                 7             3                       8
91                 24             3                       5
91                 29             2                       3
91                 35             1                       5
91                 37             2                       9
91                 41             1                       6
91                 49             4                       2
91                 53             4                       9
91                 59             3                       1
91                 64             3                       10
92                 5             2                       6
92                 7             3                       9
92                 15             4                       10
92                 41             0                       9
92                 46             4                       10
92                 53             3                       10
92                 55             2                       7
92                 70             2                       5
92                 71             3                       5
92                 79             0                       2
93                 39             0                       4
93                 53             2                       4
93                 71             4                       6
93                 72             1                       10
93                 81             3                       9
93                 84             0                       2
93                 91             1                       7
93                 93             2                       8
93                 95             3                       7
93                 97             2                       9
94                 1             2                       9
94                 26             1                       3
94                 31             2                       1
94                 34             1                       5
94                 40             2                       10
94                 50             3                       10
94                 56             0                       3
94                 62             3                       9
94                 63             4                       10
94                 66             4                       8
95                 13             2                       8
95                 19             1                       10
95                 23             1                       3
95                 24             4                       6
95                 26             3                       9
95                 70             0                       3
95                 83             3                       8
95                 84             1                       3
95                 87             0                       2
95                 92             2                       6
96                 7             0                       6
96                 20             1                       5
96                 34             3                       10
96                 40             0                       4
96                 58             4                       10
96                 59             3                       8
96                 72             2                       7
96                 74             0                       9
96                 81             1                       3
96                 84             2                       4
97                 4             1                       5
97                 9             4                       10
97                 19             0                       3
97                 24             2                       4
97                 35             3                       3
97                 48             3                       3
97                 59             2                       5
97                 62             2                       10
97                 84             4                       5
97                 85             2                       2
98                 2             3                       6
98                 11             0                       9
98                 21             2                       9
98                 35             2                       6
98                 72             3                       5
98                 84             4                       10
98                 85             0                       3
98                 91             1                       3
98                 92             0                       7
98                 93             2                       1
99                 16             3                       9
99                 22             4                       6
99                 23             0                       8
99                 28             2                       10
99                 32             3                       10
99                 36             1                       10
99                 42             1                       4
99                 56             0                       4
99                 65             2                       9
99                 80             3                       10
100                 13             2                       9
100                 16             1                       4
100                 17             1                       6
100                 18             2                       8
100                 30             1                       4
100                 45             0                       5
100                 56             0                       5
100                 79             2                       7
100                 82             4                       10
100                 89             2                       7