14
1                 12             3                       3
1                 20             3                       4
1                 22             2                       1
1                 30             0                       3
1                 42             3                       2
1                 60             3                       1
1                 61             3                       1
1                 67             0                       7
1                 75             4                       2
1                 87             2                       10
2                 4             3                       1
2                 19             3                       1
2                 31             1                       9
2                 34             2                       9
2                 57             4                       4
2                 61             0                       4
2                 79             2                       1
2                 82             0                       5
2                 83             0                       3
2                 84             4                       6
3                 3             2                       10
3                 22             0                       8
3                 25             4                       8
3                 36             2                       2
3                 38             3                       1
3                 40             4                       6
3                 45             1                       9
3                 69             2                       9
3                 86             2                       1
3                 90             1                       6
4                 9             3                       9
4                 14             1                       6
4                 18             1                       5
4                 20             0                       5
4                 23             3                       3
4                 42             1                       4
4                 47             2                       1
4                 51             3                       5
4                 66             0                       8
4                 72             0                       7
5                 3             1                       6
5                 5             0                       7
5                 8             4                       2
5                 16             4                       4
5                 28             2                       4
5                 36             1                       9
5                 49             3                       6
5                 50             3                       6
5                 60             3                       9
5                 65             3                       1
6                 16             1                       8
6                 19             3                       5
6                 28             3                       10
6                 35             4                       2
6                 36             3                       1
6                 43             3                       9
6                 46             2                       4
6                 50             0                       7
6                 73             3                       2
6                 74             3                       5
7                 12             0                       8
7                 27             1                       1
7                 37             4                       6
7                 41             2                       7
7                 68             4                       1
7                 89             3                       1
7                 90             3                       4
7                 92             0                       9
7                 94             1                       8
7                 95             1                       1
8                 23             2                       6
8                 53             2                       1
8                 72             0                       3
8                 86             1                       5
8                 95             1                       2
8                 96             0                       3
8                 97             4                       7
8                 98             0                       6
8                 99             0                       9
8                 100             0                       5
9                 1             0                       5
9                 4             1                       7
9                 21             4                       3
9                 38             0                       6
9                 40             3                       1
9                 41             3                       4
9                 43             0                       5
9                 48             1                       5
9                 51             3                       6
9                 52             3                       3
10                 2             4                       6
10                 10             2                       2
10                 15             0                       4
10                 16             1                       5
10                 21             4                       1
10                 33             3                       2
10                 39             4                       4
10                 51             4                       7
10                 55             2                       6
10                 59             3                       1
11                 17             0                       8
11                 24             1                       6
11                 28             3                       1
11                 39             2                       8
11                 56             2                       2
11                 59             1                       5
11                 62             1                       4
11                 63             1                       1
11                 79             1                       4
11                 81             1                       8
12                 4             1                       8
12                 11             0                       7
12                 13             3                       7
12                 24             3                       10
12                 29             3                       9
12                 35             3                       1
12                 39             4                       3
12                 58             1                       7
12                 63             4                       5
12                 68             0                       9
13                 4             1                       2
13                 15             4                       5
13                 49             4                       1
13                 71             0                       7
13                 80             2                       1
13                 92             3                       3
13                 97             3                       9
13                 98             2                       9
13                 99             4                       5
13                 100             2                       1
14                 1             0                       1
14                 11             3                       1
14                 17             0                       7
14                 26             0                       4
14                 31             4                       1
14                 44             0                       6
14                 54             0                       5
14                 55             1                       8
14                 68             3                       4
14                 72             1                       8
15                 8             1                       9
15                 9             0                       5
15                 12             4                       4
15                 27             1                       8
15                 43             4                       7
15                 67             1                       8
15                 70             2                       1
15                 82             2                       1
15                 86             4                       7
15                 89             0                       5
16                 18             0                       6
16                 30             1                       1
16                 33             1                       8
16                 50             4                       1
16                 52             1                       4
16                 78             1                       10
16                 84             2                       8
16                 89             3                       3
16                 90             2                       1
16                 91             3                       1
17                 16             1                       1
17                 23             1                       7
17                 30             4                       2
17                 31             0                       10
17                 36             0                       10
17                 42             1                       7
17                 56             2                       8
17                 58             3                       3
17                 65             0                       6
17                 72             1                       4
18                 45             3                       1
18                 46             4                       9
18                 48             4                       4
18                 52             4                       9
18                 57             4                       5
18                 70             0                       8
18                 73             3                       4
18                 74             0                       10
18                 81             4                       1
18                 90             0                       5
19                 12             3                       6
19                 18             2                       1
19                 31             3                       5
19                 34             1                       1
19                 39             0                       1
19                 51             1                       8
19                 52             2                       10
19                 57             2                       1
19                 60             3                       3
19                 77             2                       1
20                 6             0                       6
20                 13             4                       1
20                 21             1                       8
20                 28             0                       6
20                 48             2                       10
20                 59             3                       6
20                 68             3                       6
20                 75             4                       6
20                 78             1                       8
20                 83             1                       1
21                 2             0                       7
21                 8             3                       3
21                 13             0                       8
21                 19             2                       6
21                 27             3                       4
21                 29             4                       1
21                 40             0                       7
21                 57             2                       9
21                 63             3                       2
21                 64             3                       2
22                 13             1                       4
22                 25             2                       4
22                 26             2                       1
22                 37             2                       9
22                 43             2                       1
22                 44             2                       10
22                 49             1                       7
22                 68             4                       7
22                 77             3                       2
22                 84             0                       2
23                 10             2                       4
23                 31             4                       4
23                 41             4                       5
23                 47             1                       2
23                 48             3                       1
23                 86             3                       10
23                 93             3                       4
23                 94             4                       1
23                 96             0                       6
23                 97             0                       10
24                 22             0                       6
24                 29             0                       6
24                 30             3                       4
24                 49             4                       5
24                 60             2                       4
24                 61             3                       5
24                 72             1                       1
24                 74             2                       8
24                 79             4                       2
24                 82             0                       6
25                 3             2                       1
25                 4             3                       3
25                 11             0                       5
25                 17             1                       9
25                 51             3                       3
25                 52             3                       6
25                 64             3                       3
25                 67             1                       10
25                 73             4                       5
25                 75             1                       5
26                 3             1                       3
26                 4             1                       9
26                 10             2                       5
26                 15             0                       7
26                 23             3                       2
26                 32             3                       3
26                 42             0                       5
26                 54             2                       10
26                 62             3                       5
26                 66             1                       5
27                 1             1                       2
27                 3             3                       7
27                 7             4                       2
27                 10             2                       9
27                 21             0                       9
27                 27             2                       5
27                 33             2                       9
27                 42             4                       8
27                 71             0                       6
27                 73             3                       6
28                 3             2                       4
28                 14             3                       2
28                 29             0                       2
28                 32             4                       8
28                 35             0                       5
28                 37             0                       4
28                 40             1                       8
28                 53             4                       2
28                 55             3                       9
28                 61             2                       6
29                 4             3                       4
29                 5             0                       6
29                 23             2                       8
29                 29             3                       3
29                 30             1                       5
29                 39             1                       9
29                 51             3                       2
29                 55             4                       10
29                 73             0                       7
29                 86             2                       2
30                 4             4                       10
30                 9             1                       2
30                 24             3                       4
30                 42             4                       9
30                 61             1                       7
30                 82             0                       10
30                 84             1                       7
30                 91             1                       9
30                 92             2                       7
30                 93             0                       5
31                 14             1                       8
31                 34             0                       3
31                 38             4                       2
31                 39             0                       2
31                 48             3                       6
31                 63             0                       9
31                 64             3                       1
31                 68             3                       10
31                 76             1                       8
31                 78             3                       1
32                 3             3                       2
32                 17             3                       1
32                 37             1                       1
32                 47             3                       4
32                 75             3                       8
32                 76             3                       6
32                 80             4                       5
32                 81             1                       6
32                 84             3                       3
32                 85             1                       5
33                 6             4                       2
33                 8             1                       7
33                 12             1                       7
33                 34             2                       4
33                 49             4                       8
33                 60             0                       6
33                 71             4                       4
33                 92             0                       1
33                 95             0                       4
33                 98             2                       1
34                 10             4                       6
34                 16             3                       2
34                 36             1                       3
34                 47             0                       3
34                 48             0                       7
34                 49             1                       2
34                 62             3                       1
34                 70             0                       5
34                 83             4                       8
34                 94             1                       6
35                 1             1                       3
35                 6             4                       3
35                 9             2                       3
35                 17             4                       3
35                 18             2                       7
35                 19             3                       4
35                 51             2                       9
35                 65             1                       2
35                 71             1                       8
35                 89             3                       4
36                 4             2                       6
36                 6             2                       8
36                 14             3                       7
36                 53             3                       7
36                 56             4                       6
36                 63             1                       10
36                 65             2                       7
36                 70             2                       6
36                 76             2                       2
36                 85             2                       3
37                 21             4                       4
37                 24             0                       7
37                 33             2                       5
37                 35             3                       3
37                 51             0                       1
37                 53             4                       6
37                 69             1                       10
37                 72             1                       5
37                 77             2                       7
37                 83             3                       10
38                 20             0                       6
38                 23             2                       4
38                 30             1                       6
38                 41             1                       2
38                 43             3                       10
38                 54             2                       1
38                 59             0                       7
38                 61             3                       8
38                 86             1                       3
38                 88             0                       5
39                 5             1                       9
39                 6             2                       4
39                 27             1                       7
39                 34             0                       5
39                 41             3                       6
39                 46             1                       7
39                 60             4                       10
39                 70             3                       9
39                 71             4                       1
39                 74             2                       6
40                 13             1                       5
40                 14             1                       3
40                 19             1                       7
40                 24             3                       1
40                 33             0                       6
40                 39             2                       5
40                 45             3                       4
40                 75             4                       9
40                 84             4                       9
40                 89             3                       6
41                 7             2                       3
41                 13             0                       2
41                 14             4                       10
41                 15             4                       9
41                 24             0                       2
41                 26             3                       5
41                 34             2                       2
41                 35             3                       6
41                 54             1                       8
41                 62             2                       2
42                 3             3                       8
42                 13             4                       9
42                 18             0                       8
42                 44             3                       7
42                 45             0                       2
42                 60             4                       7
42                 68             2                       8
42                 78             1                       2
42                 81             2                       2
42                 90             3                       3
43                 11             2                       10
43                 22             0                       10
43                 25             0                       5
43                 28             3                       7
43                 31             3                       7
43                 33             3                       10
43                 37             4                       10
43                 58             4                       4
43                 73             1                       8
43                 87             3                       4
44                 1             1                       6
44                 18             1                       3
44                 49             4                       3
44                 64             2                       7
44                 71             4                       9
44                 74             3                       7
44                 92             2                       5
44                 95             3                       8
44                 99             0                       1
44                 100             0                       6
45                 11             2                       2
45                 45             3                       5
45                 49             1                       9
45                 76             1                       3
45                 89             1                       7
45                 90             3                       7
45                 95             4                       9
45                 97             3                       5
45                 98             4                       7
45                 100             3                       2
46                 5             1                       3
46                 7             4                       4
46                 15             1                       1
46                 20             3                       1
46                 23             3                       5
46                 37             1                       2
46                 42             3                       1
46                 64             2                       4
46                 76             2                       9
46                 83             1                       9
47                 22             3                       9
47                 23             3                       9
47                 30             1                       8
47                 43             0                       2
47                 44             2                       8
47                 47             4                       10
47                 53             1                       8
47                 56             1                       9
47                 65             4                       9
47                 82             0                       2
48                 7             1                       9
48                 25             3                       10
48                 42             4                       10
48                 46             1                       1
48                 54             4                       6
48                 62             1                       6
48                 64             2                       5
48                 66             2                       4
48                 78             1                       3
48                 79             2                       3
49                 5             3                       1
49                 20             2                       7
49                 25             1                       1
49                 32             0                       4
49                 39             2                       10
49                 40             3                       3
49                 59             4                       8
49                 69             1                       5
49                 81             1                       3
49                 82             2                       7
50                 2             1                       3
50                 7             1                       5
50                 12             4                       1
50                 50             4                       4
50                 60             2                       5
50                 63             0                       3
50                 65             4                       10
50                 66             0                       6
50                 67             3                       1
50                 76             0                       1
51                 11             0                       3
51                 26             1                       7
51                 32             3                       10
51                 42             4                       3
51                 70             2                       2
51                 72             3                       6
51                 80             4                       6
51                 84             1                       4
51                 92             1                       4
51                 96             3                       1
52                 11             4                       6
52                 13             4                       6
52                 15             0                       2
52                 28             4                       8
52                 29             0                       10
52                 48             3                       2
52                 51             2                       4
52                 81             1                       4
52                 87             2                       8
52                 88             0                       8
53                 5             4                       10
53                 11             3                       8
53                 26             1                       2
53                 46             1                       5
53                 50             2                       8
53                 56             1                       3
53                 66             3                       1
53                 76             3                       4
53                 80             0                       7
53                 82             2                       8
54                 6             3                       1
54                 24             4                       8
54                 35             1                       7
54                 44             0                       9
54                 56             4                       10
54                 65             0                       4
54                 67             1                       4
54                 75             0                       1
54                 76             4                       10
54                 88             1                       10
55                 6             4                       9
55                 44             1                       4
55                 48             3                       8
55                 67             4                       5
55                 81             3                       7
55                 85             3                       4
55                 87             1                       5
55                 90             2                       8
55                 92             1                       8
55                 93             2                       2
56                 21             3                       5
56                 31             2                       8
56                 39             4                       6
56                 43             2                       6
56                 56             4                       4
56                 58             2                       5
56                 69             3                       2
56                 74             4                       1
56                 77             3                       3
56                 82             1                       3
57                 19             3                       2
57                 32             1                       5
57                 38             0                       7
57                 52             2                       2
57                 62             3                       7
57                 73             4                       9
57                 77             0                       4
57                 80             2                       8
57                 85             0                       9
57                 91             4                       2
58                 46             0                       2
58                 48             3                       9
58                 52             0                       1
58                 54             2                       7
58                 58             4                       9
58                 61             3                       2
58                 75             1                       10
58                 83             3                       4
58                 85             1                       8
58                 87             1                       1
59                 2             2                       2
59                 15             2                       10
59                 16             3                       6
59                 27             0                       2
59                 28             1                       5
59                 29             1                       4
59                 35             1                       9
59                 49             4                       10
59                 62             4                       8
59                 64             1                       8
60                 4             1                       5
60                 15             3                       8
60                 40             3                       9
60                 47             3                       8
60                 52             2                       7
60                 57             0                       2
60                 58             3                       2
60                 64             2                       9
60                 67             3                       9
60                 71             3                       2
61                 18             2                       9
61                 38             1                       3
61                 41             2                       10
61                 49             1                       4
61                 55             1                       2
61                 63             1                       6
61                 68             0                       2
61                 77             4                       10
61                 79             2                       5
61                 86             3                       8
62                 1             3                       10
62                 2             2                       4
62                 6             2                       5
62                 8             4                       4
62                 10             0                       7
62                 12             1                       9
62                 14             2                       9
62                 35             1                       4
62                 37             3                       7
62                 44             2                       1
63                 10             4                       10
63                 14             1                       4
63                 17             2                       4
63                 22             4                       2
63                 37             3                       8
63                 54             3                       9
63                 55             0                       1
63                 69             2                       3
63                 75             3                       7
63                 91             0                       3
64                 15             2                       6
64                 20             4                       10
64                 22             2                       7
64                 28             3                       9
64                 32             1                       9
64                 58             2                       8
64                 73             2                       3
64                 92             4                       10
64                 94             2                       2
64                 95             3                       10
65                 5             3                       8
65                 26             3                       8
65                 32             1                       6
65                 33             2                       1
65                 41             2                       8
65                 44             2                       2
65                 45             2                       6
65                 67             0                       2
65                 77             2                       8
65                 78             1                       9
66                 2             4                       8
66                 10             2                       1
66                 46             2                       8
66                 54             1                       3
66                 59             3                       2
66                 76             1                       5
66                 92             4                       2
66                 94             3                       3
66                 96             1                       2
66                 98             0                       10
67                 5             4                       4
67                 7             3                       7
67                 17             2                       5
67                 23             3                       10
67                 32             0                       1
67                 46             3                       10
67                 57             3                       8
67                 59             1                       3
67                 60             1                       8
67                 83             2                       5
68                 9             2                       6
68                 16             4                       9
68                 34             3                       7
68                 56             1                       5
68                 76             1                       7
68                 79             4                       8
68                 88             0                       1
68                 90             3                       9
68                 91             0                       10
68                 92             3                       6
69                 5             1                       5
69                 8             1                       5
69                 25             0                       2
69                 66             3                       7
69                 67             3                       6
69                 71             4                       10
69                 79             0                       6
69                 83             2                       6
69                 88             4                       6
69                 91             1                       4
70                 1             0                       7
70                 2             3                       9
70                 7             3                       8
70                 39             2                       7
70                 59             4                       9
70                 61             3                       3
70                 73             3                       1
70                 85             2                       6
70                 86             3                       9
70                 89             1                       8
71                 3             4                       5
71                 16             3                       7
71                 20             3                       8
71                 31             0                       2
71                 40             1                       4
71                 41             1                       3
71                 43             4                       8
71                 47             0                       5
71                 52             4                       5
71                 53             0                       4
72                 10             1                       8
72                 44             1                       5
72                 58             2                       10
72                 87             1                       2
72                 89             4                       10
72                 90             3                       10
72                 91             3                       6
72                 93             1                       6
72                 94             4                       9
72                 97             1                       4
73                 9             2                       1
73                 10             1                       3
73                 26             2                       9
73                 34             4                       6
73                 40             1                       5
73                 46             0                       6
73                 55             3                       5
73                 73             3                       10
73                 74             0                       2
73                 88             3                       9
74                 29             4                       7
74                 59             1                       4
74                 74             2                       9
74                 77             3                       9
74                 80             2                       9
74                 88             1                       7
74                 93             1                       3
74                 95             0                       3
74                 97             2                       6
74                 99             0                       6
75                 19             4                       10
75                 21             0                       2
75                 36             1                       5
75                 54             0                       2
75                 62             4                       9
75                 64             2                       6
75                 71             2                       5
75                 80             0                       2
75                 85             2                       7
75                 88             2                       2
76                 1             0                       8
76                 22             3                       3
76                 25             3                       9
76                 37             0                       3
76                 38             0                       4
76                 57             0                       6
76                 68             2                       5
76                 71             0                       3
76                 72             3                       9
76                 89             3                       9
77                 6             3                       7
77                 27             0                       6
77                 29             1                       5
77                 30             0                       9
77                 33             1                       3
77                 47             2                       6
77                 61             4                       9
77                 83             0                       2
77                 84             4                       10
77                 93             4                       10
78                 7             2                       10
78                 18             2                       4
78                 25             0                       3
78                 55             4                       7
78                 57             1                       3
78                 65             0                       3
78                 78             1                       4
78                 87             3                       9
78                 96             4                       7
78                 99             3                       2
79                 8             1                       10
79                 17             4                       2
79                 24             1                       5
79                 48             1                       3
79                 70             3                       10
79                 79             2                       7
79                 97             0                       1
79                 98             2                       8
79                 99             3                       7
79                 100             2                       7
80                 5             2                       2
80                 9             4                       10
80                 36             2                       6
80                 46             0                       3
80                 53             2                       5
80                 63             0                       4
80                 78             3                       5
80                 79             1                       9
80                 81             1                       9
80                 85             4                       1
81                 17             2                       6
81                 25             1                       6
81                 26             4                       10
81                 30             4                       10
81                 31             0                       3
81                 34             3                       8
81                 36             3                       4
81                 38             4                       8
81                 40             0                       2
81                 65             3                       8
82                 12             4                       10
82                 14             2                       5
82                 50             4                       5
82                 93             2                       7
82                 95             2                       6
82                 96             4                       9
82                 97             2                       8
82                 98             4                       2
82                 99             3                       8
82                 100             3                       8
83                 2             4                       10
83                 16             3                       10
83                 26             3                       3
83                 54             3                       4
83                 57             2                       10
83                 60             0                       2
83                 62             3                       10
83                 72             2                       2
83                 78             2                       7
83                 87             2                       6
84                 1             2                       9
84                 13             0                       10
84                 18             2                       10
84                 33             3                       7
84                 51             3                       10
84                 57             2                       7
84                 66             4                       2
84                 87             4                       7
84                 97             4                       2
84                 100             4                       10
85                 8             3                       8
85                 42             3                       6
85                 45             0                       7
85                 47             0                       7
85                 66             4                       9
85                 69             1                       4
85                 75             1                       3
85                 77             2                       5
85                 84             1                       5
85                 86             1                       4
86                 9             1                       4
86                 12             0                       2
86                 13             4                       3
86                 22             1                       4
86                 32             2                       7
86                 36             2                       7
86                 41             3                       9
86                 50             4                       9
86                 59             3                       10
86                 65             3                       5
87                 19             0                       8
87                 27             0                       3
87                 28             0                       2
87                 53             1                       3
87                 56             0                       1
87                 67             0                       3
87                 69             0                       1
87                 82             3                       9
87                 88             1                       3
87                 96             3                       10
88                 14             0                       1
88                 17             4                       10
88                 21             1                       10
88                 40             3                       10
88                 45             4                       3
88                 94             1                       5
88                 97             0                       3
88                 98             1                       5
88                 99             1                       4
88                 100             2                       3
89                 9             1                       7
89                 19             3                       9
89                 20             3                       2
89                 24             0                       3
89                 30             1                       7
89                 38             0                       9
89                 58             2                       6
89                 69             2                       6
89                 70             0                       7
89                 79             4                       10
90                 6             1                       10
90                 8             0                       1
90                 16             4                       3
90                 20             1                       3
90                 31             2                       6
90                 41             0                       1
90                 50             0                       2
90                 56             1                       7
90                 69             3                       7
90                 80             1                       3
91                 15             3                       3
91                 25             1                       7
91                 26             2                       6
91                 43             0                       3
91                 45             3                       8
91                 91             4                       5
91                 93             2                       8
91                 96             3                       8
91                 98             0                       3
91                 100             0                       9
92                 1             1                       4
92                 8             2                       6
92                 11             0                       4
92                 12             2                       5
92                 23             0                       1
92                 28             0                       3
92                 33             1                       4
92                 36             2                       8
92                 38             4                       10
92                 43             0                       4
93                 2             2                       5
93                 7             2                       6
93                 11             3                       9
93                 24             3                       9
93                 32             1                       2
93                 37             0                       5
93                 47             1                       9
93                 69             2                       8
93                 74             0                       3
93                 78             4                       6
94                 2             4                       1
94                 21             3                       6
94                 35             4                       10
94                 75             2                       4
94                 83             2                       7
94                 91             0                       7
94                 93             3                       9
94                 94             1                       4
94                 95             2                       7
94                 96             1                       4
95                 18             2                       2
95                 20             3                       9
95                 22             1                       5
95                 27             3                       9
95                 34             4                       10
95                 38             0                       5
95                 44             0                       3
95                 45             4                       10
95                 52             3                       8
95                 63             0                       7
96                 19             1                       3
96                 21             3                       7
96                 55             1                       3
96                 63             1                       8
96                 86             1                       6
96                 87             2                       3
96                 91             3                       8
96                 93             2                       1
96                 94             3                       7
96                 96             1                       5
97                 3             3                       9
97                 7             0                       1
97                 27             4                       10
97                 70             3                       3
97                 82             4                       4
97                 85             4                       10
97                 88             0                       4
97                 90             0                       2
97                 95             0                       5
97                 99             3                       10
98                 9             4                       8
98                 53             4                       9
98                 55             4                       4
98                 61             4                       10
98                 64             4                       10
98                 66             0                       3
98                 77             2                       6
98                 80             2                       10
98                 81             4                       5
98                 85             0                       2
99                 29             3                       8
99                 50             1                       3
99                 58             0                       1
99                 66             4                       10
99                 68             1                       3
99                 84             1                       1
99                 94             4                       10
99                 98             0                       4
99                 99             4                       3
99                 100             1                       4
100                 35             3                       8
100                 50             4                       10
100                 53             4                       10
100                 62             1                       3
100                 70             1                       4
100                 72             4                       10
100                 74             0                       4
100                 80             1                       4
100                 81             4                       10
100                 89             0                       2