14
1                 1             1                       1
1                 2             2                       6
1                 7             4                       1
1                 20             2                       1
1                 41             4                       1
1                 57             4                       1
1                 62             0                       9
1                 64             4                       7
1                 69             0                       8
1                 79             2                       6
2                 23             0                       4
2                 40             3                       7
2                 54             0                       4
2                 55             3                       1
2                 65             1                       1
2                 69             0                       9
2                 72             4                       6
2                 78             3                       9
2                 79             1                       1
2                 81             0                       9
3                 22             0                       5
3                 26             1                       10
3                 29             3                       8
3                 30             3                       2
3                 45             0                       9
3                 59             2                       6
3                 72             0                       5
3                 97             0                       9
3                 99             0                       5
3                 100             2                       10
4                 2             4                       2
4                 9             1                       8
4                 12             3                       5
4                 16             0                       8
4                 31             1                       7
4                 56             1                       7
4                 92             3                       4
4                 96             3                       1
4                 97             0                       4
4                 99             4                       6
5                 4             1                       7
5                 13             3                       2
5                 15             3                       1
5                 19             3                       10
5                 21             2                       1
5                 41             2                       6
5                 44             0                       4
5                 45             1                       1
5                 52             4                       1
5                 57             0                       8
6                 3             2                       7
6                 7             3                       3
6                 20             3                       8
6                 26             0                       2
6                 35             2                       2
6                 49             0                       6
6                 50             4                       1
6                 52             0                       7
6                 61             1                       7
6                 65             0                       3
7                 4             3                       3
7                 10             3                       1
7                 13             0                       6
7                 73             1                       8
7                 90             3                       10
7                 96             3                       3
7                 97             4                       1
7                 98             0                       6
7                 99             3                       10
7                 100             3                       1
8                 2             4                       8
8                 22             1                       1
8                 39             3                       3
8                 47             2                       5
8                 49             3                       3
8                 50             3                       8
8                 51             2                       10
8                 52             0                       9
8                 53             2                       6
8                 71             3                       6
9                 6             2                       1
9                 32             0                       3
9                 34             3                       1
9                 37             1                       1
9                 54             3                       1
9                 78             2                       1
9                 81             4                       3
9                 83             2                       1
9                 88             2                       1
9                 89             3                       8
10                 13             4                       4
10                 24             2                       1
10                 26             4                       3
10                 27             1                       6
10                 34             1                       3
10                 39             2                       2
10                 43             4                       1
10                 66             4                       1
10                 67             1                       1
10                 86             4                       6
11                 18             3                       2
11                 48             4                       1
11                 50             1                       2
11                 52             1                       2
11                 58             3                       4
11                 59             4                       7
11                 73             0                       10
11                 86             0                       3
11                 90             0                       4
11                 94             0                       1
12                 10             0                       8
12                 18             1                       7
12                 38             3                       8
12                 59             2                       1
12                 70             4                       6
12                 77             1                       1
12                 79             3                       4
12                 80             3                       1
12                 87             3                       2
12                 90             3                       6
13                 19             3                       1
13                 24             3                       7
13                 31             4                       4
13                 32             3                       4
13                 36             1                       9
13                 48             1                       2
13                 52             0                       3
13                 60             2                       8
13                 68             0                       5
13                 75             0                       5
14                 1             1                       4
14                 2             2                       9
14                 6             2                       2
14                 11             2                       4
14                 35             1                       5
14                 41             4                       5
14                 62             3                       4
14                 70             0                       5
14                 71             1                       7
14                 75             2                       8
15                 20             0                       3
15                 28             0                       6
15                 31             4                       1
15                 33             3                       6
15                 60             1                       10
15                 64             2                       2
15                 69             2                       1
15                 74             2                       1
15                 92             3                       5
15                 96             1                       8
16                 14             2                       10
16                 30             1                       5
16                 45             3                       2
16                 49             1                       7
16                 84             3                       3
16                 86             1                       1
16                 90             3                       7
16                 95             4                       2
16                 96             1                       4
16                 98             3                       1
17                 10             1                       6
17                 11             3                       5
17                 12             0                       8
17                 18             1                       1
17                 23             0                       6
17                 25             4                       2
17                 31             4                       8
17                 32             4                       6
17                 57             2                       2
17                 77             0                       8
18                 6             2                       8
18                 23             2                       1
18                 45             4                       10
18                 67             0                       10
18                 82             4                       5
18                 91             2                       9
18                 94             2                       2
18                 98             3                       2
18                 99             1                       1
18                 100             1                       2
19                 4             2                       4
19                 26             1                       5
19                 39             2                       4
19                 62             4                       6
19                 65             1                       6
19                 66             3                       9
19                 84             3                       10
19                 88             1                       4
19                 92             0                       1
19                 95             3                       4
20                 1             1                       5
20                 8             4                       2
20                 24             4                       5
20                 30             3                       8
20                 39             0                       5
20                 57             4                       3
20                 62             3                       10
20                 79             0                       2
20                 84             2                       7
20                 87             1                       5
21                 20             4                       9
21                 30             4                       1
21                 36             1                       1
21                 38             1                       3
21                 73             4                       1
21                 81             4                       1
21                 90             2                       1
21                 92             2                       7
21                 93             4                       4
21                 97             2                       8
22                 10             0                       4
22                 35             3                       3
22                 43             3                       9
22                 54             0                       7
22                 61             3                       4
22                 67             2                       8
22                 74             4                       2
22                 76             3                       10
22                 87             3                       3
22                 95             2                       6
23                 5             3                       1
23                 42             3                       3
23                 44             1                       1
23                 54             2                       10
23                 58             3                       10
23                 90             2                       8
23                 91             3                       1
23                 92             0                       2
23                 95             3                       3
23                 97             4                       10
24                 3             2                       1
24                 28             2                       1
24                 30             2                       3
24                 40             0                       5
24                 43             1                       6
24                 44             2                       8
24                 61             2                       1
24                 64             1                       1
24                 85             2                       8
24                 89             2                       9
25                 8             3                       8
25                 9             4                       4
25                 38             2                       9
25                 66             3                       2
25                 74             0                       8
25                 87             0                       6
25                 89             1                       10
25                 94             0                       6
25                 95             2                       5
25                 97             3                       5
26                 17             3                       6
26                 29             3                       9
26                 80             1                       4
26                 84             3                       4
26                 85             4                       6
26                 94             2                       3
26                 95             4                       9
26                 96             0                       5
26                 99             3                       7
26                 100             2                       3
27                 17             0                       7
27                 24             4                       3
27                 37             3                       7
27                 40             0                       8
27                 42             3                       1
27                 47             0                       6
27                 79             2                       7
27                 82             2                       9
27                 83             1                       6
27                 94             3                       4
28                 15             3                       2
28                 17             4                       8
28                 22             0                       9
28                 23             4                       9
28                 35             0                       4
28                 37             2                       9
28                 43             1                       2
28                 46             1                       4
28                 72             3                       1
28                 77             1                       9
29                 11             1                       6
29                 16             0                       4
29                 29             1                       10
29                 34             0                       5
29                 52             4                       10
29                 58             4                       5
29                 64             0                       3
29                 67             3                       6
29                 83             1                       10
29                 84             2                       5
30                 7             3                       8
30                 22             1                       2
30                 48             2                       6
30                 60             1                       9
30                 68             3                       8
30                 72             3                       9
30                 84             2                       8
30                 96             4                       10
30                 98             1                       4
30                 100             1                       4
31                 4             1                       5
31                 8             0                       9
31                 14             3                       4
31                 16             2                       1
31                 20             1                       2
31                 46             4                       3
31                 48             0                       4
31                 51             4                       6
31                 53             4                       7
31                 70             3                       7
32                 7             3                       4
32                 10             4                       10
32                 19             4                       6
32                 22             2                       7
32                 25             2                       7
32                 28             2                       2
32                 36             3                       4
32                 42             3                       2
32                 43             1                       3
32                 51             1                       1
33                 19             3                       2
33                 27             1                       7
33                 33             2                       9
33                 34             2                       2
33                 53             4                       8
33                 60             4                       2
33                 63             3                       10
33                 65             4                       4
33                 75             0                       1
33                 83             1                       2
34                 3             4                       3
34                 6             3                       4
34                 12             0                       6
34                 22             2                       8
34                 23             0                       10
34                 31             4                       3
34                 32             4                       9
34                 53             3                       9
34                 59             1                       2
34                 78             2                       10
35                 19             1                       7
35                 27             4                       5
35                 28             2                       7
35                 32             2                       7
35                 37             3                       2
35                 40             4                       9
35                 81             1                       8
35                 83             2                       7
35                 87             3                       1
35                 91             0                       6
36                 5             4                       6
36                 14             3                       1
36                 21             1                       7
36                 35             1                       9
36                 43             2                       4
36                 66             1                       6
36                 74             0                       5
36                 85             4                       3
36                 92             3                       3
36                 95             0                       1
37                 24             2                       8
37                 40             4                       1
37                 45             1                       5
37                 46             3                       9
37                 54             2                       5
37                 61             0                       5
37                 66             2                       3
37                 73             1                       6
37                 77             1                       4
37                 92             1                       8
38                 27             4                       8
38                 38             4                       10
38                 51             1                       8
38                 52             2                       8
38                 56             3                       3
38                 67             0                       2
38                 71             0                       2
38                 94             0                       5
38                 97             0                       2
38                 98             3                       7
39                 5             1                       7
39                 21             3                       4
39                 26             2                       4
39                 41             4                       2
39                 51             0                       2
39                 55             0                       4
39                 86             1                       2
39                 88             1                       10
39                 93             1                       10
39                 95             3                       7
40                 17             2                       9
40                 18             1                       6
40                 21             0                       5
40                 22             3                       3
40                 36             0                       5
40                 45             4                       3
40                 47             2                       1
40                 50             0                       4
40                 53             4                       1
40                 67             1                       4
41                 5             1                       3
41                 12             3                       1
41                 20             2                       5
41                 57             1                       4
41                 59             0                       4
41                 74             4                       3
41                 78             2                       2
41                 81             2                       5
41                 82             3                       1
41                 94             0                       9
42                 1             2                       6
42                 24             0                       4
42                 33             2                       3
42                 41             0                       3
42                 45             3                       7
42                 46             3                       5
42                 50             3                       5
42                 62             0                       1
42                 68             0                       6
42                 78             1                       3
43                 28             0                       3
43                 44             2                       5
43                 67             0                       5
43                 70             3                       8
43                 75             2                       2
43                 85             0                       9
43                 88             4                       2
43                 91             1                       10
43                 94             0                       7
43                 97             2                       6
44                 3             3                       8
44                 7             3                       5
44                 15             4                       6
44                 23             1                       2
44                 25             1                       8
44                 34             4                       6
44                 58             1                       6
44                 81             1                       10
44                 84             4                       9
44                 89             4                       6
45                 12             3                       9
45                 17             4                       10
45                 34             3                       7
45                 42             0                       4
45                 44             3                       6
45                 54             1                       2
45                 64             1                       4
45                 66             0                       10
45                 69             1                       2
45                 73             1                       2
46                 7             3                       2
46                 16             1                       9
46                 26             1                       1
46                 31             2                       9
46                 32             0                       1
46                 44             2                       9
46                 48             0                       7
46                 49             0                       4
46                 58             0                       1
46                 64             1                       8
47                 8             1                       3
47                 21             0                       2
47                 42             1                       5
47                 54             3                       8
47                 59             4                       8
47                 61             3                       2
47                 62             0                       2
47                 63             4                       7
47                 66             2                       4
47                 76             0                       5
48                 7             2                       6
48                 11             2                       7
48                 14             1                       7
48                 21             4                       9
48                 26             2                       6
48                 28             2                       4
48                 42             4                       7
48                 47             1                       7
48                 49             1                       1
48                 58             3                       2
49                 4             2                       8
49                 8             4                       6
49                 10             0                       2
49                 39             1                       6
49                 41             1                       4
49                 42             0                       6
49                 47             4                       9
49                 61             0                       8
49                 69             0                       3
49                 70             1                       9
50                 6             4                       10
50                 11             3                       8
50                 14             4                       5
50                 15             1                       7
50                 17             0                       1
50                 28             0                       8
50                 41             0                       7
50                 75             4                       3
50                 76             2                       6
50                 78             4                       4
51                 3             2                       10
51                 11             2                       9
51                 46             4                       6
51                 55             4                       5
51                 62             4                       3
51                 63             3                       5
51                 68             0                       1
51                 88             2                       5
51                 95             1                       8
51                 96             0                       9
52                 5             2                       5
52                 26             2                       7
52                 27             1                       1
52                 49             4                       10
52                 57             2                       5
52                 65             1                       7
52                 66             4                       7
52                 87             4                       8
52                 95             1                       10
52                 98             1                       5
53                 1             0                       7
53                 4             0                       1
53                 5             3                       4
53                 9             1                       7
53                 12             0                       2
53                 16             0                       2
53                 49             2                       2
53                 58             3                       7
53                 61             2                       6
53                 63             3                       1
54                 2             1                       10
54                 6             0                       5
54                 16             1                       3
54                 32             3                       10
54                 36             0                       10
54                 40             2                       4
54                 45             0                       4
54                 73             2                       3
54                 75             4                       9
54                 80             4                       2
55                 2             3                       4
55                 11             0                       1
55                 37             0                       3
55                 60             3                       3
55                 63             0                       8
55                 64             4                       9
55                 71             3                       3
55                 93             0                       9
55                 96             2                       7
55                 99             0                       2
56                 3             0                       2
56                 27             2                       9
56                 29             2                       2
56                 35             2                       6
56                 70             1                       2
56                 81             2                       6
56                 82             2                       10
56                 88             1                       6
56                 91             3                       7
56                 92             3                       9
57                 19             2                       5
57                 29             4                       5
57                 57             4                       9
57                 67             4                       3
57                 71             1                       4
57                 72             0                       7
57                 83             4                       3
57                 85             2                       7
57                 90             0                       2
57                 92             2                       6
58                 1             0                       8
58                 2             3                       7
58                 11             0                       2
58                 42             4                       8
58                 50             0                       3
58                 51             3                       9
58                 63             2                       9
58                 76             3                       4
58                 86             3                       7
58                 88             2                       7
59                 8             3                       7
59                 15             1                       8
59                 19             3                       8
59                 25             4                       3
59                 27             1                       2
59                 34             3                       8
59                 36             2                       8
59                 42             4                       9
59                 56             0                       4
59                 69             0                       4
60                 7             1                       9
60                 24             3                       6
60                 36             4                       2
60                 39             2                       1
60                 44             3                       7
60                 46             3                       7
60                 56             3                       5
60                 65             4                       8
60                 66             3                       8
60                 79             1                       3
61                 9             4                       1
61                 13             1                       7
61                 32             3                       8
61                 33             3                       7
61                 39             2                       7
61                 40             4                       6
61                 53             4                       3
61                 85             1                       10
61                 87             4                       9
61                 91             2                       4
62                 9             3                       5
62                 32             2                       5
62                 50             4                       9
62                 63             0                       2
62                 71             4                       10
62                 72             4                       10
62                 83             3                       9
62                 86             4                       8
62                 87             4                       10
62                 93             0                       1
63                 13             3                       1
63                 15             1                       3
63                 20             4                       10
63                 25             1                       4
63                 35             2                       7
63                 43             1                       5
63                 47             0                       2
63                 53             1                       10
63                 64             2                       10
63                 77             1                       5
64                 7             4                       7
64                 16             1                       5
64                 22             0                       6
64                 36             0                       3
64                 39             3                       8
64                 41             4                       8
64                 46             3                       1
64                 48             3                       8
64                 75             0                       10
64                 82             4                       6
65                 3             2                       4
65                 28             2                       9
65                 38             3                       5
65                 48             2                       3
65                 55             3                       2
65                 76             0                       1
65                 77             0                       6
65                 79             4                       10
65                 80             0                       8
65                 84             0                       1
66                 18             0                       3
66                 24             4                       9
66                 40             0                       2
66                 46             1                       2
66                 56             1                       6
66                 57             2                       10
66                 60             1                       4
66                 63             2                       6
66                 65             4                       9
66                 76             0                       2
67                 3             3                       5
67                 14             1                       2
67                 18             3                       8
67                 33             1                       4
67                 38             2                       1
67                 49             3                       8
67                 52             0                       4
67                 55             0                       6
67                 59             3                       9
67                 68             3                       9
68                 25             4                       9
68                 29             4                       6
68                 34             2                       4
68                 38             3                       6
68                 43             0                       10
68                 65             4                       5
68                 69             0                       5
68                 74             0                       9
68                 77             2                       7
68                 78             2                       5
69                 12             2                       7
69                 25             3                       5
69                 46             2                       10
69                 51             3                       4
69                 58             3                       8
69                 59             3                       5
69                 62             3                       7
69                 63             1                       3
69                 64             1                       5
69                 74             2                       6
70                 3             0                       6
70                 13             2                       5
70                 27             3                       3
70                 37             1                       4
70                 66             2                       5
70                 71             1                       1
70                 82             0                       8
70                 88             3                       9
70                 99             3                       8
70                 100             0                       9
71                 5             3                       8
71                 9             0                       9
71                 10             2                       7
71                 31             2                       5
71                 57             3                       6
71                 75             4                       6
71                 79             3                       5
71                 88             2                       3
71                 89             4                       5
71                 93             3                       2
72                 10             1                       3
72                 15             3                       10
72                 25             0                       1
72                 41             0                       9
72                 54             0                       3
72                 62             2                       8
72                 80             2                       5
72                 83             0                       8
72                 90             0                       3
72                 92             0                       10
73                 8             2                       4
73                 14             2                       6
73                 20             4                       7
73                 27             4                       10
73                 33             0                       1
73                 50             3                       6
73                 62             2                       5
73                 68             1                       2
73                 73             1                       4
73                 76             3                       7
74                 6             0                       6
74                 18             4                       10
74                 26             3                       8
74                 37             1                       5
74                 70             2                       1
74                 74             1                       4
74                 79             3                       8
74                 82             0                       2
74                 90             3                       5
74                 93             2                       3
75                 2             4                       5
75                 18             2                       4
75                 19             1                       3
75                 42             4                       10
75                 45             0                       8
75                 61             3                       9
75                 75             1                       4
75                 76             3                       8
75                 77             3                       10
75                 85             4                       1
76                 4             3                       9
76                 12             0                       3
76                 13             4                       8
76                 17             4                       2
76                 19             1                       4
76                 25             1                       10
76                 30             3                       6
76                 31             0                       2
76                 47             3                       10
76                 48             4                       9
77                 1             3                       10
77                 23             2                       7
77                 33             1                       5
77                 35             2                       8
77                 38             1                       2
77                 49             3                       9
77                 55             1                       3
77                 80             4                       9
77                 84             0                       2
77                 98             0                       8
78                 11             2                       10
78                 22             3                       10
78                 24             4                       10
78                 53             3                       4
78                 56             3                       8
78                 72             1                       3
78                 77             0                       2
78                 78             3                       6
78                 81             3                       4
78                 82             1                       4
79                 3             3                       9
79                 5             0                       2
79                 8             4                       1
79                 13             2                       9
79                 14             1                       3
79                 16             3                       6
79                 21             0                       6
79                 30             2                       4
79                 31             3                       6
79                 34             3                       9
80                 1             0                       2
80                 9             0                       2
80                 21             3                       8
80                 23             4                       3
80                 36             1                       6
80                 44             0                       2
80                 46             3                       8
80                 56             1                       9
80                 78             3                       7
80                 81             0                       2
81                 1             1                       9
81                 6             0                       3
81                 12             2                       10
81                 29             4                       1
81                 35             1                       1
81                 38             4                       7
81                 45             0                       6
81                 51             2                       7
81                 61             4                       10
81                 71             1                       5
82                 17             4                       5
82                 29             3                       7
82                 31             0                       10
82                 38             4                       4
82                 64             1                       6
82                 65             0                       2
82                 67             3                       9
82                 80             0                       7
82                 87             2                       4
82                 89             1                       3
83                 18             3                       9
83                 23             1                       5
83                 35             4                       10
83                 44             3                       10
83                 68             0                       3
83                 69             0                       7
83                 72             3                       8
83                 74             4                       10
83                 80             2                       3
83                 96             1                       2
84                 9             0                       3
84                 13             1                       3
84                 37             0                       6
84                 48             0                       10
84                 53             4                       5
84                 59             1                       3
84                 60             1                       5
84                 70             3                       3
84                 80             4                       10
84                 83             1                       4
85                 4             3                       6
85                 11             2                       3
85                 12             2                       4
85                 15             1                       4
85                 54             3                       9
85                 72             2                       2
85                 75             2                       7
85                 85             1                       4
85                 86             4                       9
85                 93             1                       5
86                 10             3                       9
86                 13             4                       10
86                 16             1                       7
86                 22             0                       4
86                 25             2                       6
86                 39             3                       9
86                 47             0                       3
86                 68             1                       7
86                 79             3                       9
86                 80             2                       6
87                 21             2                       3
87                 33             2                       10
87                 55             4                       8
87                 74             2                       7
87                 81             2                       7
87                 86             3                       10
87                 89             3                       7
87                 91             3                       8
87                 97             2                       3
87                 100             1                       5
88                 9             2                       6
88                 30             4                       7
88                 34             3                       10
88                 50             4                       7
88                 58             2                       9
88                 59             4                       10
88                 60             1                       6
88                 67             2                       7
88                 73             2                       7
88                 82             0                       3
89                 5             0                       9
89                 6             3                       9
89                 15             1                       5
89                 33             1                       8
89                 48             1                       5
89                 60             3                       7
89                 85             0                       2
89                 98             2                       3
89                 99             3                       9
89                 100             2                       6
90                 53             1                       2
90                 69             4                       10
90                 77             2                       3
90                 91             4                       5
90                 93             0                       6
90                 96             1                       6
90                 97             2                       7
90                 98             0                       9
90                 99             2                       3
90                 100             4                       7
91                 9             4                       10
91                 15             3                       9
91                 17             0                       3
91                 20             0                       6
91                 54             4                       6
91                 57             3                       7
91                 68             1                       4
91                 70             1                       4
91                 87             1                       7
91                 90             4                       9
92                 32             1                       2
92                 37             0                       10
92                 40             4                       10
92                 51             0                       5
92                 76             4                       9
92                 82             2                       7
92                 83             2                       5
92                 85             1                       5
92                 89             0                       1
92                 94             4                       10
93                 2             0                       1
93                 14             3                       8
93                 27             4                       4
93                 28             0                       10
93                 43             2                       7
93                 52             2                       5
93                 63             1                       4
93                 69             2                       6
93                 73             3                       9
93                 78             4                       8
94                 5             3                       10
94                 18             1                       5
94                 21             4                       10
94                 23             3                       8
94                 28             0                       5
94                 30             0                       9
94                 37             2                       8
94                 44             0                       3
94                 58             1                       3
94                 72             1                       4
95                 1             1                       3
95                 2             1                       3
95                 4             4                       10
95                 17             4                       4
95                 26             3                       9
95                 29             2                       3
95                 47             0                       4
95                 55             3                       9
95                 68             2                       10
95                 89             4                       4
96                 7             4                       10
96                 8             2                       5
96                 14             2                       9
96                 19             1                       9
96                 20             1                       4
96                 49             1                       5
96                 56             0                       1
96                 61             0                       3
96                 86             2                       5
96                 89             0                       2
97                 10             2                       5
97                 36             1                       7
97                 40             3                       3
97                 47             2                       8
97                 51             0                       3
97                 73             3                       5
97                 76             3                       3
97                 98             4                       10
97                 99             0                       4
97                 100             1                       8
98                 8             1                       10
98                 29             2                       4
98                 43             4                       8
98                 50             0                       10
98                 55             4                       10
98                 56             1                       2
98                 65             4                       10
98                 71             2                       8
98                 84             2                       6
98                 93             2                       7
99                 4             0                       2
99                 16             4                       10
99                 52             0                       6
99                 60             0                       1
99                 70             3                       10
99                 71             3                       9
99                 86             0                       4
99                 91             4                       2
99                 93             2                       8
99                 94             2                       8
100                 6             2                       7
100                 24             0                       2
100                 30             4                       10
100                 33             0                       2
100                 39             3                       10
100                 41             4                       10
100                 55             3                       7
100                 56             4                       10
100                 88             2                       8
100                 91             1                       3