14
1                 10             4                       5
1                 26             2                       9
1                 37             0                       9
1                 47             0                       6
1                 50             1                       6
1                 82             4                       6
1                 83             2                       6
1                 84             3                       3
1                 86             2                       3
1                 95             3                       1
2                 15             2                       7
2                 18             1                       5
2                 20             1                       9
2                 37             3                       10
2                 39             2                       1
2                 45             0                       4
2                 59             1                       5
2                 63             2                       1
2                 72             1                       1
2                 75             2                       9
3                 9             2                       1
3                 17             3                       1
3                 19             3                       7
3                 21             2                       10
3                 29             2                       7
3                 39             3                       4
3                 40             0                       4
3                 50             3                       1
3                 53             1                       7
3                 90             1                       10
4                 8             3                       1
4                 14             1                       8
4                 54             3                       4
4                 61             2                       3
4                 64             0                       3
4                 65             3                       9
4                 70             0                       7
4                 73             0                       8
4                 84             1                       5
4                 87             0                       8
5                 11             0                       5
5                 22             0                       4
5                 26             0                       3
5                 29             1                       1
5                 30             4                       4
5                 44             0                       9
5                 46             3                       1
5                 47             1                       1
5                 60             1                       10
5                 66             3                       2
6                 2             1                       9
6                 7             3                       9
6                 17             3                       2
6                 18             1                       8
6                 32             0                       7
6                 36             0                       9
6                 43             1                       5
6                 51             4                       3
6                 64             1                       1
6                 77             0                       5
7                 4             3                       1
7                 15             2                       8
7                 27             3                       2
7                 28             4                       2
7                 71             3                       8
7                 73             1                       10
7                 75             4                       2
7                 87             3                       4
7                 90             3                       6
7                 95             1                       9
8                 7             1                       6
8                 23             3                       3
8                 30             3                       8
8                 42             0                       8
8                 47             0                       9
8                 49             0                       9
8                 59             4                       6
8                 78             3                       4
8                 87             0                       9
8                 94             2                       3
9                 18             1                       1
9                 26             3                       4
9                 29             2                       8
9                 37             1                       5
9                 55             3                       1
9                 56             1                       1
9                 58             3                       4
9                 61             0                       4
9                 63             1                       2
9                 76             0                       8
10                 1             2                       1
10                 6             3                       2
10                 20             4                       2
10                 23             2                       7
10                 28             0                       5
10                 38             2                       1
10                 41             1                       8
10                 70             2                       8
10                 71             3                       9
10                 94             3                       9
11                 5             2                       7
11                 33             0                       8
11                 40             1                       7
11                 68             4                       2
11                 80             2                       4
11                 83             3                       2
11                 97             3                       4
11                 98             4                       4
11                 99             0                       5
11                 100             2                       1
12                 4             3                       2
12                 15             4                       2
12                 17             0                       8
12                 21             3                       6
12                 24             1                       7
12                 29             4                       4
12                 34             2                       8
12                 39             4                       9
12                 58             2                       1
12                 61             2                       1
13                 9             0                       4
13                 12             0                       8
13                 16             4                       2
13                 44             0                       7
13                 67             3                       1
13                 68             4                       3
13                 69             1                       1
13                 80             1                       9
13                 81             2                       8
13                 85             3                       3
14                 1             0                       4
14                 2             4                       3
14                 8             3                       4
14                 36             4                       5
14                 51             3                       1
14                 67             0                       7
14                 70             4                       1
14                 81             4                       6
14                 91             0                       7
14                 92             4                       4
15                 14             1                       5
15                 29             2                       5
15                 36             3                       7
15                 40             2                       1
15                 66             3                       3
15                 87             2                       7
15                 88             3                       5
15                 91             2                       9
15                 95             3                       2
15                 100             4                       4
16                 1             0                       6
16                 35             0                       10
16                 53             3                       3
16                 68             4                       4
16                 75             1                       1
16                 84             4                       1
16                 87             4                       1
16                 89             1                       7
16                 94             2                       4
16                 96             4                       5
17                 19             4                       5
17                 35             0                       1
17                 40             4                       5
17                 44             3                       1
17                 56             3                       4
17                 57             3                       1
17                 64             0                       4
17                 70             4                       2
17                 72             2                       3
17                 81             1                       9
18                 20             1                       6
18                 21             0                       1
18                 44             4                       4
18                 45             4                       1
18                 57             0                       4
18                 58             4                       7
18                 65             4                       5
18                 79             0                       10
18                 83             2                       7
18                 93             0                       8
19                 4             1                       6
19                 14             3                       10
19                 27             1                       4
19                 34             0                       3
19                 35             0                       2
19                 55             1                       8
19                 68             1                       8
19                 73             2                       9
19                 74             4                       4
19                 76             3                       1
20                 6             2                       3
20                 23             2                       1
20                 54             2                       7
20                 81             4                       2
20                 84             0                       9
20                 93             1                       9
20                 94             1                       5
20                 96             4                       6
20                 97             0                       5
20                 99             3                       9
21                 2             4                       6
21                 8             1                       10
21                 13             3                       2
21                 14             2                       6
21                 15             4                       3
21                 61             3                       2
21                 70             0                       9
21                 74             2                       8
21                 75             4                       4
21                 76             4                       2
22                 7             4                       7
22                 14             0                       1
22                 23             2                       8
22                 28             1                       8
22                 33             4                       1
22                 38             0                       3
22                 42             1                       10
22                 55             3                       3
22                 69             0                       5
22                 76             2                       9
23                 6             1                       9
23                 12             4                       3
23                 13             3                       3
23                 17             2                       5
23                 21             1                       8
23                 24             1                       8
23                 25             1                       7
23                 34             3                       1
23                 36             2                       8
23                 42             4                       4
24                 13             3                       5
24                 38             3                       8
24                 52             0                       4
24                 53             4                       5
24                 78             1                       10
24                 85             1                       5
24                 95             4                       4
24                 98             1                       8
24                 99             2                       1
24                 100             1                       8
25                 13             2                       6
25                 15             4                       4
25                 32             0                       5
25                 43             0                       7
25                 44             1                       10
25                 46             1                       6
25                 48             3                       10
25                 51             3                       2
25                 52             2                       1
25                 59             3                       7
26                 9             1                       2
26                 12             2                       9
26                 28             4                       3
26                 34             4                       9
26                 58             3                       10
26                 63             4                       3
26                 64             1                       2
26                 89             3                       6
26                 94             3                       7
26                 97             3                       6
27                 14             4                       9
27                 26             2                       1
27                 38             1                       9
27                 48             3                       4
27                 55             1                       4
27                 67             3                       2
27                 79             0                       4
27                 88             2                       9
27                 95             0                       3
27                 98             0                       9
28                 15             3                       6
28                 44             3                       8
28                 47             4                       2
28                 68             1                       9
28                 77             0                       6
28                 90             1                       1
28                 94             1                       6
28                 97             3                       7
28                 99             4                       8
28                 100             2                       5
29                 8             4                       5
29                 12             1                       10
29                 13             3                       1
29                 15             2                       5
29                 30             0                       2
29                 36             1                       10
29                 39             0                       6
29                 41             4                       1
29                 52             3                       5
29                 59             1                       8
30                 10             4                       3
30                 12             1                       4
30                 14             1                       2
30                 16             2                       8
30                 25             1                       9
30                 45             0                       10
30                 64             3                       7
30                 80             0                       10
30                 89             0                       1
30                 93             1                       1
31                 2             3                       10
31                 25             1                       10
31                 36             0                       1
31                 49             1                       1
31                 51             4                       9
31                 57             0                       9
31                 59             3                       1
31                 66             3                       10
31                 80             0                       1
31                 96             3                       7
32                 1             1                       2
32                 21             0                       2
32                 24             1                       1
32                 26             2                       6
32                 47             4                       3
32                 48             2                       5
32                 52             4                       6
32                 62             1                       6
32                 63             2                       8
32                 65             3                       4
33                 7             1                       1
33                 20             1                       3
33                 62             2                       5
33                 83             3                       4
33                 86             3                       2
33                 88             1                       6
33                 90             1                       2
33                 95             0                       6
33                 97             3                       1
33                 99             2                       2
34                 2             3                       4
34                 4             3                       10
34                 10             4                       1
34                 23             1                       2
34                 28             2                       9
34                 44             2                       6
34                 53             1                       1
34                 58             0                       5
34                 59             4                       9
34                 84             0                       10
35                 7             2                       2
35                 17             4                       3
35                 18             3                       2
35                 24             1                       2
35                 35             2                       3
35                 40             0                       2
35                 46             3                       2
35                 70             2                       3
35                 71             0                       10
35                 74             4                       2
36                 24             3                       6
36                 31             4                       1
36                 34             4                       5
36                 55             1                       5
36                 60             4                       4
36                 63             3                       6
36                 88             2                       1
36                 93             1                       4
36                 96             2                       8
36                 100             1                       6
37                 21             0                       9
37                 50             0                       4
37                 51             2                       4
37                 56             3                       7
37                 88             4                       10
37                 91             3                       4
37                 93             2                       2
37                 94             4                       10
37                 95             3                       7
37                 96             1                       1
38                 1             0                       9
38                 3             4                       7
38                 16             2                       9
38                 17             1                       4
38                 23             3                       9
38                 33             4                       2
38                 46             3                       4
38                 62             2                       1
38                 72             2                       4
38                 78             2                       5
39                 8             1                       7
39                 20             2                       4
39                 35             1                       4
39                 39             2                       10
39                 45             3                       2
39                 46             3                       7
39                 48             3                       2
39                 56             4                       8
39                 69             2                       9
39                 77             3                       1
40                 5             0                       4
40                 6             1                       10
40                 67             1                       8
40                 73             3                       7
40                 80             3                       5
40                 84             3                       6
40                 85             3                       1
40                 87             2                       5
40                 89             4                       2
40                 91             0                       1
41                 5             0                       8
41                 8             0                       2
41                 23             2                       4
41                 27             1                       5
41                 42             2                       5
41                 55             0                       6
41                 62             0                       8
41                 64             4                       6
41                 69             0                       4
41                 78             0                       6
42                 12             4                       1
42                 24             4                       3
42                 41             3                       9
42                 49             0                       5
42                 51             3                       5
42                 76             0                       10
42                 79             1                       1
42                 81             1                       3
42                 85             4                       9
42                 86             4                       4
43                 21             0                       3
43                 25             2                       3
43                 26             0                       2
43                 31             4                       5
43                 40             4                       8
43                 41             4                       6
43                 59             1                       2
43                 61             0                       8
43                 65             2                       6
43                 88             0                       2
44                 27             0                       6
44                 48             3                       6
44                 54             2                       8
44                 60             2                       1
44                 62             0                       7
44                 68             3                       6
44                 69             2                       2
44                 79             1                       2
44                 80             4                       2
44                 81             4                       4
45                 1             2                       7
45                 3             0                       6
45                 18             4                       3
45                 40             4                       9
45                 43             3                       1
45                 47             3                       8
45                 55             3                       9
45                 71             2                       5
45                 72             0                       5
45                 74             2                       9
46                 22             2                       9
46                 23             3                       5
46                 57             1                       10
46                 63             3                       7
46                 92             1                       10
46                 95             4                       10
46                 96             3                       9
46                 97             2                       8
46                 98             4                       1
46                 99             0                       6
47                 3             2                       1
47                 5             1                       1
47                 12             4                       5
47                 27             3                       1
47                 49             3                       7
47                 57             0                       2
47                 71             4                       1
47                 73             3                       1
47                 82             4                       7
47                 89             4                       3
48                 9             3                       5
48                 22             2                       1
48                 31             0                       9
48                 37             2                       4
48                 38             4                       2
48                 43             0                       8
48                 49             0                       4
48                 68             0                       1
48                 77             0                       2
48                 88             0                       3
49                 13             1                       7
49                 20             2                       7
49                 37             4                       7
49                 45             3                       5
49                 55             1                       2
49                 60             1                       6
49                 74             4                       5
49                 81             3                       7
49                 82             0                       4
49                 90             0                       3
50                 6             0                       1
50                 9             0                       6
50                 33             0                       9
50                 37             0                       1
50                 88             2                       4
50                 89             0                       8
50                 92             1                       6
50                 93             2                       5
50                 99             0                       3
50                 100             4                       2
51                 3             0                       2
51                 33             2                       3
51                 37             4                       2
51                 40             4                       3
51                 58             3                       8
51                 61             4                       9
51                 65             3                       1
51                 70             4                       4
51                 79             4                       3
51                 96             4                       3
52                 7             4                       10
52                 15             4                       9
52                 21             3                       4
52                 54             2                       1
52                 59             4                       10
52                 62             3                       2
52                 84             4                       2
52                 87             2                       6
52                 94             0                       1
52                 96             4                       10
53                 4             2                       5
53                 6             1                       4
53                 11             0                       10
53                 16             2                       6
53                 24             4                       4
53                 27             4                       9
53                 32             2                       1
53                 35             0                       6
53                 41             2                       4
53                 53             2                       6
54                 4             3                       7
54                 5             4                       9
54                 33             4                       10
54                 68             1                       10
54                 71             4                       6
54                 74             0                       1
54                 75             2                       5
54                 98             1                       5
54                 99             4                       10
54                 100             4                       9
55                 4             1                       8
55                 25             4                       4
55                 30             3                       9
55                 33             2                       5
55                 48             3                       3
55                 52             0                       2
55                 63             4                       9
55                 95             0                       8
55                 97             0                       9
55                 98             1                       10
56                 13             2                       4
56                 17             0                       6
56                 18             4                       4
56                 32             3                       2
56                 75             0                       3
56                 76             2                       5
56                 83             1                       3
56                 86             4                       1
56                 90             2                       8
56                 91             4                       5
57                 9             2                       7
57                 10             0                       7
57                 18             1                       9
57                 31             2                       2
57                 36             0                       2
57                 68             3                       7
57                 72             1                       6
57                 74             1                       10
57                 76             2                       6
57                 91             4                       10
58                 10             3                       8
58                 25             4                       5
58                 31             2                       6
58                 34             4                       10
58                 43             1                       3
58                 54             3                       9
58                 71             1                       3
58                 73             4                       4
58                 78             0                       1
58                 99             2                       7
59                 7             3                       8
59                 18             3                       6
59                 35             3                       5
59                 42             3                       9
59                 52             2                       8
59                 66             3                       4
59                 72             1                       7
59                 85             0                       2
59                 94             0                       2
59                 97             1                       3
60                 16             4                       3
60                 40             3                       6
60                 79             2                       7
60                 85             0                       6
60                 86             3                       8
60                 93             3                       10
60                 97             3                       2
60                 98             0                       2
60                 99             1                       4
60                 100             1                       3
61                 13             3                       8
61                 38             4                       10
61                 42             1                       6
61                 47             0                       10
61                 49             4                       2
61                 52             2                       9
61                 53             2                       9
61                 62             0                       3
61                 63             2                       4
61                 86             3                       5
62                 5             4                       2
62                 19             2                       1
62                 29             1                       2
62                 39             0                       2
62                 57             4                       5
62                 80             0                       3
62                 86             3                       6
62                 92             0                       1
62                 96             1                       2
62                 98             4                       6
63                 6             2                       7
63                 24             4                       9
63                 28             4                       10
63                 29             0                       3
63                 31             2                       10
63                 38             2                       4
63                 46             2                       8
63                 47             2                       7
63                 52             1                       3
63                 67             0                       3
64                 2             2                       5
64                 3             4                       3
64                 13             3                       9
64                 44             1                       5
64                 45             3                       6
64                 49             3                       8
64                 50             0                       2
64                 60             2                       5
64                 66             4                       5
64                 67             0                       4
65                 1             3                       3
65                 10             4                       9
65                 11             0                       6
65                 16             3                       7
65                 19             0                       8
65                 27             3                       7
65                 31             0                       7
65                 32             0                       8
65                 36             0                       3
65                 58             1                       2
66                 1             3                       10
66                 8             0                       8
66                 21             0                       5
66                 22             2                       2
66                 43             2                       6
66                 66             3                       6
66                 73             1                       5
66                 76             4                       7
66                 77             1                       3
66                 89             0                       4
67                 8             0                       3
67                 10             3                       6
67                 22             4                       5
67                 23             1                       6
67                 30             3                       5
67                 31             1                       3
67                 35             0                       8
67                 51             0                       6
67                 52             4                       10
67                 77             0                       9
68                 5             3                       6
68                 14             3                       3
68                 20             1                       10
68                 51             2                       10
68                 66             2                       7
68                 70             2                       5
68                 85             3                       4
68                 90             1                       4
68                 91             2                       8
68                 93             1                       6
69                 2             0                       1
69                 5             4                       5
69                 9             3                       8
69                 15             1                       1
69                 19             4                       9
69                 27             3                       3
69                 28             3                       1
69                 34             1                       2
69                 50             0                       7
69                 61             1                       5
70                 3             3                       8
70                 7             3                       3
70                 11             4                       1
70                 28             2                       4
70                 35             1                       7
70                 58             2                       6
70                 59             2                       4
70                 69             0                       3
70                 76             0                       3
70                 79             1                       5
71                 2             1                       7
71                 12             2                       6
71                 57             1                       6
71                 60             0                       2
71                 78             1                       9
71                 80             1                       6
71                 88             2                       7
71                 92             3                       2
71                 94             4                       8
71                 95             2                       5
72                 10             2                       4
72                 16             2                       4
72                 23             4                       10
72                 30             3                       6
72                 32             1                       4
72                 33             2                       6
72                 43             3                       9
72                 47             0                       4
72                 71             4                       7
72                 81             0                       1
73                 6             1                       5
73                 8             2                       6
73                 9             2                       9
73                 13             2                       10
73                 14             2                       7
73                 24             0                       5
73                 32             2                       6
73                 44             4                       2
73                 52             2                       7
73                 56             3                       10
74                 4             1                       3
74                 16             0                       1
74                 20             4                       5
74                 48             2                       7
74                 54             3                       5
74                 61             2                       6
74                 65             1                       7
74                 70             3                       6
74                 90             4                       5
74                 92             3                       8
75                 10             2                       10
75                 37             3                       8
75                 39             0                       3
75                 43             3                       2
75                 51             3                       7
75                 53             0                       4
75                 60             0                       7
75                 73             1                       6
75                 74             2                       6
75                 83             4                       9
76                 9             4                       10
76                 11             2                       2
76                 24             4                       10
76                 33             1                       4
76                 38             2                       5
76                 47             0                       5
76                 50             3                       5
76                 66             3                       8
76                 73             0                       2
76                 75             3                       7
77                 5             4                       10
77                 18             3                       7
77                 22             1                       6
77                 28             3                       6
77                 30             4                       7
77                 36             4                       4
77                 42             0                       1
77                 44             0                       3
77                 49             4                       10
77                 54             0                       6
78                 11             3                       9
78                 16             3                       5
78                 34             3                       6
78                 43             3                       10
78                 75             2                       6
78                 77             2                       8
78                 78             1                       2
78                 82             2                       5
78                 89             0                       9
78                 92             2                       5
79                 6             1                       8
79                 8             3                       9
79                 11             2                       7
79                 53             4                       10
79                 59             4                       3
79                 79             0                       6
79                 80             1                       7
79                 87             4                       10
79                 88             0                       8
79                 89             0                       5
80                 22             4                       10
80                 41             1                       10
80                 49             2                       6
80                 50             3                       8
80                 63             2                       10
80                 77             1                       4
80                 78             1                       7
80                 80             2                       8
80                 83             0                       1
80                 91             3                       2
81                 28             3                       7
81                 30             1                       3
81                 33             1                       7
81                 46             4                       10
81                 51             0                       8
81                 57             2                       7
81                 65             1                       2
81                 68             2                       5
81                 72             3                       9
81                 81             1                       10
82                 3             3                       9
82                 22             2                       7
82                 45             3                       7
82                 56             0                       2
82                 75             1                       10
82                 76             1                       4
82                 82             3                       8
82                 83             1                       8
82                 91             1                       3
82                 97             4                       10
83                 2             3                       8
83                 9             0                       3
83                 29             4                       9
83                 39             4                       7
83                 60             0                       3
83                 82             0                       1
83                 83             3                       5
83                 85             4                       10
83                 92             0                       3
83                 93             0                       3
84                 25             0                       1
84                 38             4                       6
84                 41             2                       5
84                 45             0                       8
84                 50             1                       3
84                 55             0                       10
84                 71             0                       2
84                 82             0                       2
84                 85             3                       7
84                 87             1                       3
85                 15             2                       10
85                 17             4                       9
85                 20             0                       1
85                 26             4                       10
85                 31             2                       8
85                 64             4                       8
85                 67             3                       6
85                 72             1                       8
85                 74             3                       7
85                 86             3                       7
86                 11             2                       8
86                 14             2                       4
86                 22             1                       3
86                 27             4                       10
86                 63             4                       5
86                 86             1                       9
86                 90             2                       7
86                 92             2                       7
86                 93             0                       7
86                 100             3                       7
87                 3             1                       4
87                 19             0                       3
87                 30             1                       1
87                 42             0                       2
87                 46             2                       5
87                 56             1                       9
87                 61             4                       10
87                 77             1                       7
87                 82             3                       9
87                 85             1                       8
88                 10             0                       2
88                 11             2                       3
88                 25             1                       6
88                 29             4                       6
88                 49             2                       3
88                 73             0                       3
88                 84             3                       7
88                 86             4                       10
88                 87             4                       2
88                 91             2                       6
89                 12             2                       7
89                 25             2                       8
89                 26             3                       7
89                 36             1                       6
89                 38             3                       7
89                 43             2                       4
89                 45             3                       9
89                 54             4                       10
89                 57             2                       8
89                 69             2                       6
90                 17             4                       10
90                 26             3                       8
90                 41             4                       2
90                 45             1                       3
90                 50             4                       10
90                 64             4                       9
90                 65             1                       3
90                 66             1                       1
90                 79             2                       8
90                 84             1                       4
91                 6             3                       6
91                 19             4                       10
91                 31             1                       4
91                 34             1                       4
91                 50             3                       9
91                 66             2                       9
91                 69             3                       7
91                 78             1                       8
91                 82             4                       10
91                 90             3                       9
92                 7             1                       5
92                 12             0                       2
92                 19             4                       2
92                 20             3                       8
92                 22             2                       8
92                 29             4                       10
92                 42             3                       3
92                 64             4                       10
92                 67             0                       5
92                 69             4                       10
93                 1             2                       8
93                 19             2                       4
93                 37             0                       3
93                 39             1                       8
93                 53             0                       2
93                 56             0                       3
93                 58             1                       3
93                 65             4                       10
93                 70             4                       10
93                 75             3                       8
94                 4             1                       4
94                 7             1                       4
94                 18             4                       10
94                 26             4                       5
94                 53             3                       8
94                 61             2                       7
94                 82             2                       3
94                 84             3                       8
94                 89             4                       10
94                 98             1                       7
95                 1             1                       5
95                 35             2                       9
95                 48             4                       8
95                 54             0                       2
95                 55             2                       7
95                 57             1                       3
95                 60             2                       8
95                 62             4                       10
95                 72             0                       2
95                 74             1                       3
96                 3             1                       5
96                 17             0                       7
96                 25             0                       2
96                 27             3                       8
96                 46             1                       9
96                 48             3                       9
96                 56             1                       5
96                 60             3                       9
96                 77             4                       10
96                 78             0                       3
97                 16             4                       10
97                 56             0                       6
97                 67             0                       9
97                 69             2                       8
97                 79             2                       9
97                 81             1                       5
97                 92             0                       9
97                 96             2                       4
97                 98             0                       3
97                 100             2                       10
98                 2             0                       2
98                 3             0                       10
98                 11             1                       4
98                 21             4                       7
98                 32             3                       9
98                 37             2                       6
98                 39             1                       5
98                 40             2                       10
98                 54             0                       3
98                 64             1                       5
99                 4             4                       9
99                 19             3                       6
99                 30             4                       10
99                 32             3                       3
99                 34             0                       7
99                 41             3                       7
99                 42             1                       7
99                 58             2                       9
99                 62             0                       4
99                 67             4                       10
100                 5             0                       3
100                 32             3                       10
100                 41             1                       3
100                 46             1                       3
100                 48             0                       1
100                 62             3                       9
100                 65             3                       8
100                 71             1                       4
100                 72             4                       10
100                 83             4                       10